TUCASEID,TEAGE_EC,TEELDUR,TEELWHO,TEELYRS,TRELHH,TUECLNO,TULINENO,TXAGE_EC,TXELDUR,TXELWHO,TXELYRS
20190101190057,60,4,47,5,0,3,-1,0,0,0,0
20190101190057,36,1,24,-1,1,2,2,0,0,0,-1
20190101190107,60,2,20,-1,1,2,2,0,0,0,-1
20190101190607,70,4,56,2,0,2,-1,0,0,0,0
20190101190755,74,1,56,-1,0,8,-1,0,0,0,-1
20190101190755,74,1,56,-1,0,9,-1,0,0,0,-1
20190101190760,85,4,38,3,0,3,-1,0,0,0,0
20190101190778,64,2,33,-1,0,3,-1,0,0,0,-1
20190101190778,66,2,34,-1,0,4,-1,0,0,0,-1
20190101190790,80,3,34,-1,0,3,-1,60,0,0,-1
20190101190855,50,2,44,-1,0,2,-1,0,0,0,-1
20190101190877,85,4,24,11,1,3,3,0,0,0,0
20190101191042,65,1,33,-1,0,4,-1,0,0,0,-1
20190101191042,70,1,43,-1,0,5,-1,0,0,0,-1
20190101191054,80,4,33,4,0,2,-1,60,0,0,0
20190101191054,85,4,34,4,0,3,-1,0,0,0,0
20190101191219,80,4,24,2,1,2,2,0,0,0,0
20190101191238,65,4,24,2,1,6,6,0,0,0,0
20190101191325,85,1,24,-1,1,7,7,0,0,0,-1
20190101191418,85,4,40,2,0,3,-1,60,42,0,42
20190101191420,85,4,56,10,0,2,-1,60,0,0,0
20190101191442,71,3,24,-1,1,5,5,0,0,0,-1
20190101191850,76,1,43,-1,0,2,-1,0,0,0,-1
20190101191850,70,1,49,-1,0,3,-1,0,0,0,-1
20190101191903,70,1,38,-1,0,3,-1,0,0,0,-1
20190101192161,85,4,33,5,0,3,-1,60,0,0,0
20190101192173,85,4,34,6,0,2,-1,60,0,0,0
20190101192195,58,4,24,3,1,3,3,0,0,0,0
20190101192407,78,4,33,6,0,4,-1,0,0,0,0
20190101192460,85,4,44,7,0,5,-1,60,0,0,0
20190101192482,80,4,47,20,0,4,-1,60,0,0,0
20190111180555,79,4,33,2,0,4,-1,0,0,0,0
20190111180558,85,4,33,3,0,3,-1,60,0,0,0
20190111180579,54,1,43,-1,0,6,-1,0,0,0,-1
20190111180579,85,1,56,-1,0,7,-1,60,0,0,-1
20190111180613,79,4,33,4,0,4,-1,0,0,0,0
20190111180650,67,2,34,-1,0,4,-1,0,0,0,-1
20190111180809,78,4,33,3,0,4,-1,0,0,0,0
20190111180809,80,4,34,3,0,5,-1,0,0,0,0
20190111181048,85,4,39,2,0,5,-1,60,0,0,0
20190111181088,85,4,33,10,0,2,-1,60,0,0,0
20190111181108,85,4,34,2,0,3,-1,60,0,0,0
20190111181155,80,4,47,8,0,5,-1,60,0,0,0
20190111181155,61,2,49,-1,0,6,-1,0,0,0,-1
20190111181155,59,3,26,-1,1,2,2,0,0,0,-1
20190111181159,80,4,26,13,1,2,2,0,0,0,0
20190111181171,70,2,39,-1,0,5,-1,0,0,0,-1
20190111181171,78,2,56,-1,0,6,-1,0,0,0,-1
20190111181208,79,4,33,15,0,4,-1,0,0,0,0
20190111181257,64,4,33,12,0,5,-1,0,0,0,0
20190111181312,71,1,47,-1,0,5,-1,0,0,0,-1
20190111181359,65,4,33,2,0,3,-1,0,0,0,0
20190111181404,69,1,44,-1,0,2,-1,0,0,0,-1
20190111181436,75,4,34,7,0,3,-1,0,0,0,0
20190111181441,73,4,44,2,0,2,-1,0,0,0,0
20190111181807,75,4,39,4,0,3,-1,0,0,0,0
20190111181914,80,4,33,15,0,3,-1,60,0,0,0
20190111181935,85,3,33,-1,0,5,-1,60,0,0,-1
20190111182011,85,1,33,-1,0,2,-1,60,0,0,-1
20190111182106,85,4,44,2,0,6,-1,61,0,0,42
20190111182202,85,4,33,5,0,4,-1,0,0,0,0
20190111182330,85,4,47,10,0,6,-1,60,0,0,0
20190111182409,79,4,33,19,0,4,-1,0,0,0,0
20190111182433,80,3,47,-1,0,2,-1,60,0,0,-1
20190111182463,72,4,34,5,0,5,-1,0,0,0,0
20190112180022,78,4,33,35,0,2,-1,0,0,0,0
20190112180135,85,4,34,4,0,3,-1,60,0,0,0
20190112180135,85,4,33,4,0,4,-1,60,0,0,0
20190112180144,85,2,56,-1,0,5,-1,60,0,0,-1
20190112180152,80,4,34,1,0,5,-1,0,0,0,0
20190112180514,72,4,47,24,0,3,-1,0,0,0,0
20190112180514,80,4,48,24,0,4,-1,60,0,0,0
20190112180532,67,3,33,-1,0,5,-1,0,0,0,-1
20190112180532,78,2,41,-1,0,6,-1,0,0,0,-1
20190112180561,85,4,33,5,0,5,-1,60,0,0,0
20190112180566,85,4,33,3,0,4,-1,60,0,0,0
20190112180595,85,3,34,-1,0,3,-1,60,0,0,-1
20190112180601,71,1,43,-1,0,2,-1,0,0,0,-1
20190112180607,80,3,33,-1,0,2,-1,60,0,0,-1
20190112180630,80,4,20,18,1,2,2,0,0,0,0
20190112180650,71,4,33,3,0,3,-1,0,0,0,0
20190112180672,77,4,20,15,1,2,2,0,0,0,0
20190112180675,72,1,40,-1,0,6,-1,0,0,0,-1
20190112180698,71,4,44,12,0,5,-1,42,0,0,0
20190112180698,77,4,44,12,0,6,-1,42,0,0,0
20190112180698,85,4,44,12,0,7,-1,61,0,0,0
20190112180717,75,4,33,5,0,3,-1,0,0,0,0
20190112180717,52,4,38,2,0,4,-1,0,0,0,0
20190112180719,85,3,44,-1,0,6,-1,60,0,0,-1
20190112180719,72,3,44,-1,0,7,-1,0,0,0,-1
20190112180719,77,3,44,-1,0,8,-1,0,0,0,-1
20190112180736,71,2,33,-1,0,2,-1,0,0,0,-1
20190112180736,60,1,44,-1,0,3,-1,0,0,0,-1
20190112180744,80,1,38,-1,0,2,-1,0,0,0,-1
20190112180744,51,4,49,18,0,3,-1,0,0,0,0
20190112180744,80,3,43,-1,0,4,-1,60,0,0,-1
20190112180744,80,4,43,2,0,5,-1,60,0,0,0
20190112180762,85,4,33,10,0,2,-1,60,0,0,0
20190112180821,85,4,33,20,0,4,-1,60,0,0,0
20190112180848,80,4,33,20,0,2,-1,60,0,0,0
20190112180850,85,4,56,5,0,2,-1,60,0,0,0
20190112180852,62,4,37,10,0,2,-1,0,0,0,0
20190112180861,80,1,39,-1,0,4,-1,60,0,0,-1
20190112180862,79,4,40,15,0,3,-1,0,0,0,0
20190112180862,80,4,40,15,0,4,-1,60,0,0,0
20190112180863,78,4,33,8,0,2,-1,0,0,0,0
20190112180865,78,1,33,-1,0,4,-1,0,0,0,-1
20190112180914,80,2,43,-1,0,2,-1,0,0,0,-1
20190112180918,76,4,43,2,0,2,-1,0,0,0,0
20190112180918,78,4,43,2,0,3,-1,0,0,0,0
20190112180928,80,2,44,-1,0,3,-1,60,0,0,-1
20190112180936,73,3,56,-1,0,2,-1,0,0,0,-1
20190112180940,85,4,44,6,0,2,-1,60,0,0,0
20190112180940,85,4,44,5,0,3,-1,60,0,0,0
20190112180997,85,4,43,14,0,2,-1,60,0,0,0
20190112181081,78,4,56,3,0,3,-1,0,0,0,0
20190112181085,66,1,33,-1,0,5,-1,0,0,0,-1
20190112181116,80,4,33,3,0,4,-1,60,0,0,0
20190112181141,85,2,43,-1,0,3,-1,60,0,0,-1
20190112181141,75,1,43,-1,0,4,-1,0,0,0,-1
20190112181141,80,4,43,2,0,5,-1,60,0,0,0
20190112181148,77,4,42,2,0,5,-1,0,0,0,0
20190112181148,68,4,34,10,0,6,-1,0,0,0,0
20190112181148,69,4,33,10,0,7,-1,0,0,0,0
20190112181168,80,4,49,2,0,3,-1,0,0,0,0
20190112181231,85,4,33,30,0,2,-1,60,0,0,0
20190112181236,85,4,43,3,0,3,-1,60,0,0,0
20190112181250,80,1,38,-1,0,2,-1,60,0,0,-1
20190112181257,85,4,33,3,0,4,-1,60,0,0,0
20190112181257,75,4,20,3,1,2,2,0,0,0,0
20190112181263,79,4,37,6,0,2,-1,0,0,0,0
20190112181275,85,4,48,2,0,4,-1,60,0,0,0
20190112181311,76,4,20,5,1,2,2,0,0,0,0
20190112181327,71,1,33,-1,0,6,-1,0,0,0,-1
20190112181337,68,1,20,-1,1,2,2,0,0,0,-1
20190112181344,85,1,56,-1,0,4,-1,61,0,0,-1
20190112181344,85,1,56,-1,0,5,-1,61,0,0,-1
20190112181344,85,1,56,-1,0,6,-1,61,0,0,-1
20190112181344,85,1,56,-1,0,7,-1,61,0,0,-1
20190112181344,80,1,56,-1,0,8,-1,61,0,0,-1
20190112181357,76,4,33,10,0,3,-1,0,0,0,0
20190112181357,78,4,39,10,0,4,-1,0,0,0,0
20190112181357,80,4,40,10,0,5,-1,0,0,0,0
20190112181366,78,2,33,-1,0,4,-1,0,0,0,-1
20190112181409,85,4,33,9,0,2,-1,60,0,0,0
20190112181410,85,4,33,1,0,3,-1,60,0,0,0
20190112181411,80,2,20,-1,1,2,2,0,0,0,-1
20190112181432,85,4,44,3,0,2,-1,60,0,0,0
20190112181435,80,4,34,2,0,5,-1,60,0,0,0
20190112181462,79,4,20,2,1,2,2,0,0,0,0
20190112181493,80,4,47,12,0,3,-1,60,0,0,0
20190112181497,63,4,43,3,0,2,-1,0,0,0,0
20190112181511,85,4,33,10,0,2,-1,60,0,0,0
20190112181537,85,4,39,2,0,3,-1,60,0,0,0
20190112181537,85,1,34,-1,0,4,-1,60,0,0,-1
20190112181537,85,1,33,-1,0,5,-1,60,0,0,-1
20190112181542,62,1,35,-1,0,2,-1,0,0,0,-1
20190112181560,75,4,56,5,0,3,-1,0,0,0,0
20190112181560,66,4,56,5,0,4,-1,0,0,0,0
20190112181586,49,4,24,3,1,2,2,0,0,0,0
20190112181590,74,2,20,-1,1,2,2,0,0,0,-1
20190112181619,85,4,56,12,0,4,-1,60,0,0,0
20190112181619,85,4,56,12,0,5,-1,60,0,0,0
20190112181626,63,4,47,3,0,8,-1,0,0,0,0
20190112181647,85,4,24,5,1,2,2,0,0,0,0
20190112181679,85,1,33,-1,0,3,-1,61,43,0,-1
20190112181680,67,4,33,5,0,5,-1,0,0,0,0
20190112181701,80,4,33,2,0,3,-1,60,0,0,0
20190112181707,78,2,33,-1,0,7,-1,0,0,0,-1
20190112181707,80,2,34,-1,0,8,-1,0,0,0,-1
20190112181729,85,4,33,4,0,2,-1,60,0,0,0
20190112181759,85,4,33,2,0,2,-1,60,0,0,42
20190112181759,67,4,37,30,0,3,-1,0,0,0,0
20190112181766,76,4,33,7,0,4,-1,0,0,0,0
20190112181797,85,4,34,2,0,7,-1,60,0,0,0
20190112181803,76,4,33,5,0,5,-1,0,0,0,0
20190112181803,73,4,34,5,0,6,-1,0,0,0,0
20190112181820,85,1,33,-1,0,3,-1,60,0,0,-1
20190112181843,59,4,34,5,0,7,-1,0,0,0,0
20190112181845,79,4,44,2,0,2,-1,42,0,0,0
20190112181868,85,4,33,2,0,5,-1,60,0,0,0
20190112181897,75,2,43,-1,0,2,-1,0,0,0,-1
20190112181897,73,1,43,-1,0,3,-1,0,0,0,-1
20190112181905,64,4,33,8,0,3,-1,0,0,0,0
20190112181905,66,4,34,5,0,4,-1,0,0,0,0
20190112181971,85,4,33,5,0,2,-1,60,0,0,0
20190112181974,80,4,43,4,0,2,-1,60,0,0,0
20190112181976,67,3,38,-1,0,6,-1,0,0,0,-1
20190112181976,58,4,37,4,0,7,-1,0,0,0,0
20190112182058,80,4,38,4,0,2,-1,60,0,0,0
20190112182074,85,1,33,-1,0,2,-1,60,0,0,-1
20190112182079,80,4,34,5,0,3,-1,0,0,0,0
20190112182079,79,4,33,5,0,4,-1,0,0,0,0
20190112182110,67,4,33,2,0,4,-1,0,0,0,0
20190112182110,66,1,34,-1,0,5,-1,0,0,0,-1
20190112182136,85,4,41,5,0,2,-1,60,0,0,0
20190112182152,80,3,43,-1,0,3,-1,60,0,0,-1
20190112182162,73,4,34,10,0,5,-1,0,0,0,0
20190112182176,74,4,20,3,1,2,2,0,0,0,0
20190112182189,80,4,43,5,0,3,-1,60,0,0,0
20190112182197,70,4,33,10,0,6,-1,0,0,0,0
20190112182197,80,4,34,10,0,7,-1,0,0,0,0
20190112182197,69,4,41,2,0,8,-1,0,0,0,0
20190112182197,66,3,42,-1,0,9,-1,0,0,0,-1
20190112182218,80,4,33,4,0,5,-1,60,0,0,0
20190112182220,85,2,47,-1,0,3,-1,60,0,0,-1
20190112182234,78,4,56,2,0,4,-1,0,0,0,0
20190112182246,78,4,35,3,0,2,-1,0,0,0,0
20190112182257,85,4,39,1,0,3,-1,60,0,0,0
20190112182307,68,4,44,20,0,2,-1,42,0,0,0
20190112182307,80,4,44,20,0,3,-1,61,0,0,0
20190112182307,72,4,44,20,0,4,-1,42,0,0,0
20190112182331,78,4,33,2,0,3,-1,43,43,43,42
20190112182335,85,4,47,7,0,6,-1,60,0,0,0
20190112182357,70,1,33,-1,0,2,-1,0,0,0,-1
20190112182405,80,4,34,5,0,2,-1,60,0,0,0
20190112182405,69,4,33,5,0,3,-1,0,0,0,0
20190112182461,74,4,33,3,0,2,-1,0,0,0,0
20190112182466,85,2,33,-1,0,4,-1,60,0,0,-1
20190112182471,75,4,20,5,1,2,2,0,0,0,0
20190112182480,62,4,20,2,1,2,2,0,0,0,0
20190112182489,85,4,34,3,0,3,-1,60,0,0,0
20190112182496,73,2,43,-1,0,4,-1,0,0,0,-1
20190112182496,80,4,33,2,0,5,-1,0,0,0,0
20190201190001,80,4,47,5,0,4,-1,60,0,0,0
20190201190070,85,2,48,-1,0,4,-1,0,0,0,-1
20190201190070,85,2,47,-1,0,5,-1,0,0,0,-1
20190201190096,67,3,24,-1,1,3,3,0,0,0,-1
20190201190142,85,4,43,3,0,3,-1,60,0,0,0
20190201190142,85,4,43,3,0,4,-1,60,0,0,0
20190201190149,77,4,33,6,0,7,-1,0,0,0,0
20190201190149,72,4,34,6,0,8,-1,0,0,0,0
20190201190175,65,4,33,2,0,5,-1,0,0,0,0
20190201190511,73,4,49,4,0,3,-1,0,0,0,0
20190201190512,85,4,49,2,0,3,-1,60,0,0,0
20190201190530,72,2,24,-1,1,3,3,0,0,0,-1
20190201190541,85,2,47,-1,0,4,-1,60,0,0,-1
20190201190544,78,4,34,3,0,6,-1,0,0,0,0
20190201190552,80,1,34,-1,0,3,-1,60,0,0,-1
20190201190556,85,1,56,-1,0,5,-1,60,0,0,-1
20190201190567,77,3,56,-1,0,3,-1,0,0,0,-1
20190201190589,77,4,24,6,1,2,2,0,0,0,0
20190201190592,80,4,20,2,1,2,2,0,0,0,0
20190201190599,85,4,38,2,0,2,-1,60,0,0,0
20190201190609,71,4,37,15,0,2,-1,0,0,0,0
20190201190609,85,4,41,5,0,3,-1,60,0,0,0
20190201190653,85,4,38,5,0,2,-1,60,0,0,0
20190201190657,85,4,39,2,0,3,-1,60,0,0,0
20190201190678,80,4,56,5,0,3,-1,0,0,0,0
20190201190678,85,4,56,2,0,4,-1,0,0,0,0
20190201190696,80,4,33,10,0,5,-1,60,0,0,0
20190201190699,73,4,33,3,0,6,-1,0,0,0,0
20190201190699,76,4,34,3,0,7,-1,0,0,0,0
20190201190699,80,4,56,2,0,8,-1,60,0,0,0
20190201190699,85,3,56,-1,0,9,-1,61,0,0,-1
20190201190701,85,4,33,4,0,3,-1,60,0,0,0
20190201190727,75,4,47,15,0,4,-1,0,0,0,0
20190201190727,75,4,48,3,0,5,-1,0,0,0,0
20190201190742,59,4,24,3,1,3,3,0,0,0,0
20190201190751,85,4,47,2,0,5,-1,60,0,0,0
20190201190764,80,1,56,-1,0,3,-1,60,0,0,-1
20190201190791,76,4,20,5,1,2,2,0,0,0,0
20190201190850,85,4,43,6,0,5,-1,60,0,0,0
20190201190864,68,1,39,-1,0,6,-1,0,0,0,-1
20190201190864,76,1,56,-1,0,7,-1,0,0,0,-1
20190201190864,72,1,56,-1,0,8,-1,0,0,0,-1
20190201190923,77,4,33,5,0,2,-1,0,0,0,0
20190201190929,68,4,43,9,0,2,-1,0,0,0,0
20190201190961,66,3,44,-1,0,2,-1,0,0,0,-1
20190201190963,72,1,33,-1,0,3,-1,0,0,0,-1
20190201190963,76,1,34,-1,0,4,-1,0,0,0,-1
20190201190972,64,4,24,24,1,2,2,0,0,0,0
20190201190987,85,4,20,4,1,2,2,0,0,0,0
20190201191049,85,1,41,-1,0,4,-1,61,0,0,-1
20190201191058,85,3,20,-1,1,2,2,0,0,0,-1
20190201191066,85,4,33,3,0,3,-1,60,0,0,0
20190201191081,85,4,33,10,0,4,-1,60,0,0,0
20190201191088,85,1,33,-1,0,3,-1,60,0,0,-1
20190201191094,70,1,42,-1,0,2,-1,0,0,0,-1
20190201191097,57,4,33,7,0,3,-1,0,0,0,0
20190201191134,72,4,33,4,0,3,-1,0,0,0,0
20190201191198,85,4,33,2,0,3,-1,60,0,0,0
20190201191210,79,4,33,3,0,6,-1,0,0,0,0
20190201191210,80,4,34,3,0,7,-1,60,0,0,0
20190201191210,69,3,39,-1,0,8,-1,0,0,0,-1
20190201191223,85,4,47,4,0,3,-1,60,0,0,0
20190201191231,85,3,39,-1,0,4,-1,60,0,0,-1
20190201191231,60,1,42,-1,0,5,-1,0,0,0,-1
20190201191342,73,4,49,2,0,6,-1,42,0,0,0
20190201191364,76,4,43,3,0,2,-1,0,0,0,0
20190201191386,65,4,33,5,0,7,-1,0,0,0,0
20190201191386,67,4,34,5,0,8,-1,0,0,0,0
20190201191386,70,4,39,5,0,9,-1,0,0,0,0
20190201191386,80,4,43,10,0,10,-1,60,0,0,0
20190201191410,71,4,24,2,1,2,2,0,0,0,0
20190201191410,39,4,25,39,1,3,3,0,0,0,0
20190201191428,80,3,33,-1,0,2,-1,0,0,0,-1
20190201191448,75,1,39,-1,0,3,-1,0,0,0,-1
20190201191448,75,1,40,-1,0,4,-1,0,0,0,-1
20190201191454,80,2,33,-1,0,5,-1,60,0,0,-1
20190201191454,80,2,34,-1,0,6,-1,60,0,0,-1
20190201191454,78,2,39,-1,0,7,-1,0,0,0,-1
20190201191454,85,3,44,-1,0,8,-1,0,0,0,-1
20190201191479,85,4,39,12,0,3,-1,0,0,0,0
20190201191479,85,4,40,12,0,4,-1,60,0,0,0
20190201191498,80,1,56,-1,0,2,-1,60,0,0,-1
20190201191529,63,4,33,4,0,3,-1,0,0,0,0
20190201191529,65,4,34,6,0,4,-1,0,0,0,0
20190201191542,80,4,20,1,1,2,2,0,0,0,0
20190201191544,67,4,34,5,0,5,-1,0,0,0,0
20190201191569,75,4,20,4,1,2,2,0,0,0,0
20190201191579,80,3,33,-1,0,5,-1,60,0,0,-1
20190201191601,76,4,33,5,0,2,-1,0,0,0,0
20190201191640,85,4,47,5,0,5,-1,60,0,0,0
20190201191640,85,4,48,3,0,6,-1,60,0,0,0
20190201191646,80,1,56,-1,0,3,-1,0,0,0,-1
20190201191646,80,1,56,-1,0,4,-1,0,0,0,-1
20190201191646,80,1,56,-1,0,5,-1,0,0,0,-1
20190201191670,56,1,49,-1,0,3,-1,0,0,0,-1
20190201191671,85,4,33,2,0,2,-1,60,0,0,0
20190201191671,85,4,34,2,0,3,-1,60,0,0,0
20190201191675,77,4,33,3,0,5,-1,0,0,0,0
20190201191690,80,4,44,11,0,2,-1,0,0,0,0
20190201191706,77,4,33,2,0,5,-1,0,0,0,0
20190201191706,80,4,34,2,0,6,-1,60,0,0,0
20190201191714,80,1,33,-1,0,4,-1,60,0,0,-1
20190201191730,76,4,34,5,0,7,-1,0,0,0,0
20190201191735,67,4,43,3,0,2,-1,0,0,0,0
20190201191801,80,4,33,6,0,2,-1,60,0,0,0
20190201191801,80,4,34,8,0,3,-1,60,0,0,0
20190201191823,67,1,33,-1,0,3,-1,0,0,0,-1
20190201191849,78,4,56,5,0,3,-1,0,0,0,0
20190201191849,80,4,56,5,0,4,-1,0,0,0,0
20190201191889,85,4,33,4,0,4,-1,60,0,0,0
20190201191889,60,4,37,4,0,5,-1,0,0,0,0
20190201191902,70,1,44,-1,0,2,-1,0,0,0,-1
20190201191902,73,4,43,2,0,3,-1,0,0,0,0
20190201191916,85,4,43,2,0,2,-1,60,0,0,0
20190201191916,85,4,43,2,0,3,-1,60,0,0,0
20190201191931,70,4,33,3,0,3,-1,0,0,0,0
20190201191937,65,4,33,15,0,5,-1,42,0,0,0
20190201191937,62,4,37,5,0,6,-1,42,0,0,0
20190201191937,40,3,43,-1,0,7,-1,0,0,0,-1
20190201191938,64,4,24,2,1,2,2,0,0,0,0
20190201191956,85,1,42,-1,0,3,-1,0,0,0,-1
20190201192009,79,4,44,1,0,11,-1,42,0,0,0
20190201192009,70,4,47,2,0,12,-1,0,0,0,0
20190201192027,85,4,48,3,0,4,-1,60,0,0,0
20190201192029,79,4,33,9,0,2,-1,0,0,0,0
20190201192029,85,4,34,2,0,3,-1,60,0,0,0
20190201192043,80,3,34,-1,0,5,-1,60,0,0,-1
20190201192077,85,2,34,-1,0,3,-1,60,0,0,-1
20190201192098,80,4,33,10,0,5,-1,60,0,0,0
20190201192108,78,3,41,-1,0,3,-1,0,0,0,-1
20190201192123,85,1,49,-1,0,6,-1,60,0,0,-1
20190201192134,73,4,33,2,0,5,-1,0,0,0,0
20190201192189,85,4,34,7,0,3,-1,60,0,0,0
20190201192194,63,4,43,3,0,2,-1,0,0,0,0
20190201192204,85,3,47,-1,0,6,-1,60,0,0,-1
20190201192210,78,2,33,-1,0,3,-1,0,0,0,-1
20190201192222,80,4,43,2,0,2,-1,0,0,0,0
20190201192226,85,4,47,5,0,2,-1,60,0,0,0
20190201192243,85,1,39,-1,0,5,-1,60,0,0,-1
20190201192317,78,4,33,8,0,3,-1,0,0,0,0
20190201192317,76,4,34,8,0,4,-1,0,0,0,0
20190201192317,67,2,56,-1,0,5,-1,0,0,0,-1
20190201192326,68,3,34,-1,0,3,-1,0,0,0,-1
20190201192451,68,4,33,8,0,8,-1,0,0,0,0
20190201192495,72,4,33,8,0,3,-1,0,0,0,0
20190201192507,85,3,44,-1,0,3,-1,60,0,0,-1
20190201192508,70,4,44,10,0,2,-1,0,0,0,0
20190201192508,70,4,44,10,0,3,-1,0,0,0,0
20190201192508,70,4,56,8,0,4,-1,0,0,0,0
20190201192512,85,4,33,8,0,2,-1,60,0,0,0
20190202190857,80,4,33,2,0,2,-1,60,0,0,0
20190202191005,66,4,20,10,1,2,2,0,0,0,0
20190202191150,66,3,20,-1,1,2,2,0,0,0,-1
20190202191523,76,1,43,-1,0,2,-1,0,0,0,-1
20190202191523,85,1,43,-1,0,3,-1,60,0,0,-1
20190202192178,74,1,33,-1,0,2,-1,0,0,0,-1
20190202192285,78,4,34,2,0,3,-1,0,0,0,0
20190202192285,79,2,40,-1,0,4,-1,0,0,0,-1
20190202192300,70,4,33,3,0,4,-1,0,0,0,0
20190202192300,73,4,34,3,0,5,-1,0,0,0,0
20190202192357,80,1,49,-1,0,2,-1,60,0,0,-1
20190202192491,80,3,33,-1,0,2,-1,60,0,0,-1
20190212180157,85,4,33,6,0,2,-1,60,0,0,0
20190212180770,65,4,56,7,0,2,-1,0,0,0,0
20190212180770,72,4,56,7,0,3,-1,0,0,0,0
20190212180770,63,4,56,7,0,4,-1,0,0,0,0
20190212180770,60,4,56,7,0,5,-1,0,0,0,0
20190212180770,70,4,56,7,0,6,-1,0,0,0,0
20190212180921,80,4,39,5,0,3,-1,60,0,0,0
20190212180952,76,1,33,-1,0,5,-1,0,0,0,-1
20190212180977,85,1,33,-1,0,3,-1,60,0,0,-1
20190212180977,85,1,34,-1,0,4,-1,60,0,0,-1
20190212181101,85,4,33,9,0,3,-1,60,0,0,0
20190212181833,70,4,33,5,0,4,-1,0,0,0,0
20190212182280,80,4,33,10,0,3,-1,60,0,0,0
20190212182421,80,1,34,-1,0,4,-1,60,0,0,-1
20190212182449,79,4,33,2,0,3,-1,0,0,0,0
20190212182476,80,4,33,2,0,6,-1,60,0,0,0
20190301190032,65,4,33,3,0,3,-1,0,0,0,0
20190301190032,80,4,56,4,0,4,-1,60,0,0,0
20190301190086,80,1,40,-1,0,5,-1,60,0,0,-1
20190301190116,85,4,33,5,0,2,-1,60,0,0,0
20190301190655,80,4,24,10,1,4,4,0,0,0,0
20190301190856,85,1,33,-1,0,2,-1,60,0,0,-1
20190301190882,69,4,33,3,0,2,-1,0,0,0,0
20190301190882,73,4,34,3,0,3,-1,0,0,0,0
20190301190902,67,4,33,3,0,5,-1,0,0,0,0
20190301190953,72,1,33,-1,0,3,-1,0,0,0,-1
20190301190953,85,4,56,3,0,4,-1,60,0,0,0
20190301191117,70,1,33,-1,0,3,-1,0,0,0,-1
20190301191240,85,4,34,3,0,2,-1,60,0,0,0
20190301191328,85,4,41,4,0,3,-1,60,0,0,0
20190301191395,76,4,30,7,1,2,2,0,0,0,0
20190301191395,73,4,26,7,1,3,3,0,0,0,0
20190301191588,78,4,43,6,0,2,-1,0,0,0,0
20190301191614,80,4,47,6,0,4,-1,60,0,0,0
20190301191614,85,4,48,4,0,5,-1,60,0,0,0
20190301191649,71,4,33,10,0,2,-1,0,0,0,0
20190301191649,76,4,34,5,0,3,-1,0,0,0,0
20190301191746,64,4,33,2,0,4,-1,0,0,0,0
20190301191778,78,4,33,2,0,4,-1,0,0,0,0
20190301191873,85,1,47,-1,0,6,-1,60,0,0,-1
20190301191974,55,2,24,-1,1,2,2,0,0,0,-1
20190301192117,85,1,40,-1,0,5,-1,60,0,0,-1
20190301192117,80,1,39,-1,0,6,-1,0,0,0,-1
20190301192245,85,2,43,-1,0,3,-1,60,0,0,-1
20190301192245,85,2,43,-1,0,4,-1,0,0,0,-1
20190301192289,44,4,49,10,0,3,-1,0,0,0,0
20190301192449,76,4,33,13,0,5,-1,0,0,0,0
20190301192467,75,4,20,3,1,2,2,0,0,0,0
20190302190087,53,4,39,3,0,5,-1,0,0,0,0
20190302190095,55,1,49,-1,0,3,-1,0,0,0,-1
20190302190095,80,1,49,-1,0,4,-1,60,0,0,-1
20190302190117,74,4,33,5,0,2,-1,0,0,0,0
20190302190129,85,4,49,3,0,2,-1,60,0,0,0
20190302190141,80,4,34,7,0,4,-1,60,0,0,0
20190302190560,85,1,41,-1,0,7,-1,60,0,0,-1
20190302190569,68,4,39,2,0,7,-1,0,0,0,0
20190302190586,85,4,33,12,0,2,-1,60,0,0,0
20190302190620,80,2,40,-1,0,3,-1,61,42,42,-1
20190302190626,77,4,43,3,0,5,-1,0,0,0,0
20190302190626,73,4,43,3,0,6,-1,0,0,0,0
20190302190626,75,2,26,-1,1,4,4,0,0,0,-1
20190302190650,80,4,24,18,1,2,2,60,0,0,0
20190302190678,85,4,33,4,0,3,-1,60,0,0,0
20190302190678,73,1,56,-1,0,4,-1,0,0,0,-1
20190302190679,85,4,20,20,1,2,2,0,0,0,0
20190302190691,80,4,33,2,0,2,-1,60,0,0,0
20190302190694,69,1,33,-1,0,3,-1,0,0,0,-1
20190302190704,80,4,33,14,0,6,-1,0,0,0,0
20190302190704,80,4,34,6,0,7,-1,60,0,0,0
20190302190704,85,2,39,-1,0,8,-1,0,0,0,-1
20190302190720,55,1,33,-1,0,5,-1,0,0,0,-1
20190302190787,72,4,41,7,0,12,-1,0,0,0,0
20190302190808,85,4,49,5,0,5,-1,0,0,0,0
20190302190814,85,4,34,5,0,4,-1,60,0,0,0
20190302190867,59,2,37,-1,0,7,-1,0,0,0,-1
20190302190868,67,2,33,-1,0,5,-1,0,0,0,-1
20190302190880,78,1,33,-1,0,2,-1,0,0,0,-1
20190302190886,80,1,33,-1,0,2,-1,60,0,0,-1
20190302190888,65,3,37,-1,0,4,-1,0,0,0,-1
20190302190888,80,4,20,15,1,2,2,0,0,0,0
20190302190888,66,4,25,3,1,3,3,0,0,0,0
20190302190897,69,4,33,5,0,3,-1,0,0,0,0
20190302190897,70,4,34,8,0,4,-1,0,0,0,0
20190302190914,85,4,34,4,0,2,-1,60,0,0,0
20190302190933,70,1,43,-1,0,2,-1,0,0,0,-1
20190302190948,78,4,43,6,0,2,-1,0,0,0,0
20190302190954,73,1,34,-1,0,8,-1,0,0,0,-1
20190302190954,78,1,33,-1,0,9,-1,0,0,0,-1
20190302190954,73,1,40,-1,0,10,-1,0,0,0,-1
20190302190954,70,1,39,-1,0,11,-1,0,0,0,-1
20190302190964,61,1,38,-1,0,3,-1,0,0,0,-1
20190302190964,73,1,44,-1,0,4,-1,0,0,0,-1
20190302190964,79,1,56,-1,0,5,-1,0,0,0,-1
20190302190987,85,4,33,5,0,2,-1,60,0,0,0
20190302190993,80,4,44,4,0,3,-1,0,0,0,0
20190302190993,73,4,20,15,1,2,2,0,0,0,0
20190302191001,75,3,47,-1,0,5,-1,0,0,0,-1
20190302191019,45,1,56,-1,0,4,-1,0,0,0,-1
20190302191030,59,1,38,-1,0,3,-1,0,0,0,-1
20190302191037,78,4,47,2,0,3,-1,0,0,0,0
20190302191037,78,1,48,-1,0,4,-1,0,0,0,-1
20190302191059,85,4,33,9,0,3,-1,60,0,0,0
20190302191131,85,4,33,5,0,2,-1,60,0,0,0
20190302191131,85,4,34,5,0,3,-1,60,0,0,0
20190302191131,85,1,43,-1,0,4,-1,60,0,0,-1
20190302191140,58,2,38,-1,0,3,-1,0,0,0,-1
20190302191142,85,4,39,7,0,3,-1,60,0,0,0
20190302191153,55,1,24,-1,1,2,2,0,0,0,-1
20190302191163,80,2,40,-1,0,3,-1,0,0,0,-1
20190302191181,70,2,47,-1,0,5,-1,0,0,0,-1
20190302191181,72,4,48,2,0,6,-1,0,0,0,0
20190302191181,79,4,47,3,0,7,-1,0,0,0,0
20190302191181,85,4,48,5,0,8,-1,60,0,0,0
20190302191185,63,4,33,5,0,5,-1,0,0,0,0
20190302191186,64,4,34,2,0,3,-1,0,0,0,0
20190302191197,85,1,34,-1,0,3,-1,0,0,0,-1
20190302191197,80,1,33,-1,0,4,-1,60,0,0,-1
20190302191212,67,1,47,-1,0,4,-1,0,0,0,-1
20190302191212,68,1,48,-1,0,5,-1,0,0,0,-1
20190302191237,80,4,56,4,0,3,-1,0,0,0,0
20190302191237,60,1,56,-1,0,4,-1,0,0,0,-1
20190302191239,80,1,47,-1,0,4,-1,60,0,0,-1
20190302191273,80,4,33,3,0,6,-1,60,0,0,0
20190302191273,85,4,42,3,0,7,-1,60,0,0,0
20190302191273,80,3,44,-1,0,8,-1,61,0,0,-1
20190302191319,85,4,33,2,0,2,-1,60,0,0,0
20190302191344,85,4,47,4,0,2,-1,60,0,0,0
20190302191365,85,4,34,5,0,3,-1,60,0,0,0
20190302191393,59,4,49,3,0,5,-1,0,0,0,0
20190302191403,80,3,20,-1,1,2,2,0,0,0,-1
20190302191413,50,4,44,6,0,2,-1,0,0,0,0
20190302191413,73,4,33,27,0,3,-1,0,0,0,0
20190302191416,85,3,41,-1,0,4,-1,60,0,0,-1
20190302191416,85,4,24,4,1,2,2,60,0,0,0
20190302191533,85,3,44,-1,0,2,-1,60,0,0,-1
20190302191566,63,1,33,-1,0,3,-1,0,0,0,-1
20190302191568,78,4,33,5,0,6,-1,0,0,0,0
20190302191592,85,2,43,-1,0,3,-1,60,0,0,-1
20190302191592,80,2,43,-1,0,4,-1,0,0,0,-1
20190302191625,74,2,38,-1,0,2,-1,0,0,0,-1
20190302191625,77,3,37,-1,0,3,-1,0,0,0,-1
20190302191662,85,1,20,-1,1,2,2,0,0,0,-1
20190302191698,85,4,47,2,0,7,-1,60,0,0,0
20190302191707,60,4,34,2,0,4,-1,0,0,0,0
20190302191739,85,4,34,7,0,3,-1,60,0,0,0
20190302191812,72,4,34,2,0,5,-1,0,0,0,0
20190302191831,79,4,33,4,0,4,-1,0,0,0,0
20190302191848,76,1,40,-1,0,5,-1,0,0,0,-1
20190302191887,85,1,43,-1,0,2,-1,60,0,0,-1
20190302191888,67,2,34,-1,0,4,-1,0,0,0,-1
20190302191906,66,1,44,-1,0,5,-1,42,0,0,-1
20190302191944,85,1,47,-1,0,3,-1,60,0,0,-1
20190302191956,85,4,33,10,0,7,-1,60,0,0,0
20190302191956,75,4,20,2,1,2,2,0,0,0,0
20190302191959,80,4,34,10,0,3,-1,60,0,0,0
20190302191959,80,3,40,-1,0,4,-1,60,0,0,-1
20190302191961,80,4,47,11,0,4,-1,60,0,0,0
20190302191970,80,3,33,-1,0,3,-1,60,0,0,-1
20190302191970,80,3,34,-1,0,4,-1,60,0,0,-1
20190302192006,73,4,47,5,0,3,-1,0,0,0,0
20190302192006,80,4,48,10,0,4,-1,60,0,0,0
20190302192024,76,4,33,10,0,8,-1,0,0,0,0
20190302192024,60,4,39,5,0,9,-1,0,0,0,0
20190302192024,63,4,40,5,0,10,-1,0,0,0,0
20190302192029,69,4,43,2,0,2,-1,0,0,0,0
20190302192064,77,3,38,-1,0,3,-1,0,0,0,-1
20190302192070,73,4,47,4,0,4,-1,0,0,0,0
20190302192070,75,4,48,4,0,5,-1,0,0,0,0
20190302192074,55,2,49,-1,0,3,-1,0,0,0,-1
20190302192078,80,4,43,3,0,3,-1,60,0,0,0
20190302192092,69,1,33,-1,0,5,-1,0,0,0,-1
20190302192122,71,1,39,-1,0,3,-1,0,0,0,-1
20190302192122,77,3,40,-1,0,4,-1,0,0,0,-1
20190302192129,75,3,39,-1,0,5,-1,0,0,0,-1
20190302192129,79,3,40,-1,0,6,-1,0,0,0,-1
20190302192131,70,3,33,-1,0,2,-1,0,0,0,-1
20190302192131,72,3,34,-1,0,3,-1,0,0,0,-1
20190302192132,85,4,49,5,0,3,-1,60,0,0,0
20190302192165,85,3,33,-1,0,4,-1,0,0,0,-1
20190302192170,85,4,39,8,0,5,-1,60,0,0,0
20190302192248,80,3,49,-1,0,3,-1,60,0,0,-1
20190302192254,80,4,37,3,0,2,-1,60,0,0,0
20190302192260,80,4,49,2,0,3,-1,0,0,0,0
20190302192260,76,3,44,-1,0,4,-1,0,0,0,-1
20190302192260,85,4,44,2,0,5,-1,60,0,0,0
20190302192260,40,2,44,-1,0,6,-1,0,0,0,-1
20190302192260,80,3,44,-1,0,7,-1,60,0,0,-1
20190302192264,85,4,43,2,0,2,-1,60,0,0,0
20190302192272,80,4,40,10,0,4,-1,60,0,0,0
20190302192272,80,4,33,5,0,5,-1,60,0,0,0
20190302192272,79,4,34,5,0,6,-1,0,0,0,0
20190302192286,85,1,41,-1,0,3,-1,60,0,0,-1
20190302192288,73,4,33,10,0,5,-1,0,0,0,0
20190302192318,85,4,33,10,0,3,-1,60,0,0,0
20190302192327,85,4,39,2,0,3,-1,60,0,0,0
20190302192327,85,4,43,5,0,4,-1,60,0,0,0
20190302192327,61,4,43,2,0,5,-1,0,0,0,0
20190302192343,79,1,47,-1,0,4,-1,0,0,0,-1
20190302192358,74,4,33,32,0,4,-1,0,0,0,0
20190302192358,74,4,34,32,0,5,-1,0,0,0,0
20190302192400,85,4,24,2,1,2,2,0,0,0,0
20190302192404,78,3,33,-1,0,2,-1,0,0,0,-1
20190302192409,85,4,48,2,0,5,-1,60,0,0,0
20190302192409,85,4,47,2,0,6,-1,60,0,0,0
20190302192423,80,4,34,18,0,2,-1,60,0,0,0
20190302192449,85,4,33,14,0,2,-1,60,0,0,0
20190302192449,85,4,34,14,0,3,-1,0,0,0,0
20190302192474,63,4,33,4,0,3,-1,0,0,0,0
20190302192474,63,2,34,-1,0,4,-1,0,0,0,-1
20190302192508,85,1,24,-1,1,2,2,0,0,0,-1
20190302192537,76,1,33,-1,0,6,-1,0,0,0,-1
20190302192537,77,1,34,-1,0,7,-1,0,0,0,-1
20190303190100,80,1,39,-1,0,5,-1,60,0,0,-1
20190303190131,75,4,24,3,1,2,2,0,0,0,0
20190303190653,80,4,33,15,0,4,-1,0,0,0,0
20190303190681,76,1,49,-1,0,2,-1,43,0,0,-1
20190303190821,74,1,38,-1,0,3,-1,0,0,0,-1
20190303190827,69,4,39,5,0,4,-1,0,0,0,0
20190303190827,71,4,40,5,0,5,-1,0,0,0,0
20190303190976,76,1,20,-1,1,2,2,0,0,0,-1
20190303191138,85,1,34,-1,0,3,-1,60,0,0,-1
20190303191158,77,3,34,-1,0,5,-1,0,0,0,-1
20190303191172,85,4,38,2,0,2,-1,60,0,0,0
20190303191196,70,2,44,-1,0,5,-1,0,0,0,-1
20190303191196,70,4,44,4,0,6,-1,0,0,0,0
20190303191196,70,4,44,2,0,7,-1,0,0,0,0
20190303191226,85,4,33,3,0,3,-1,60,0,0,0
20190303191377,85,4,24,6,1,2,2,60,0,0,0
20190303191629,80,4,33,4,0,3,-1,0,0,0,0
20190303191629,80,4,34,4,0,4,-1,0,0,0,0
20190303191629,78,4,40,2,0,5,-1,0,0,0,0
20190303191652,65,1,44,-1,0,3,-1,0,0,0,-1
20190303191674,79,4,33,2,0,6,-1,0,0,0,0
20190303191674,85,4,34,10,0,7,-1,60,0,0,0
20190303191714,85,1,38,-1,0,3,-1,60,0,0,-1
20190303191796,68,1,43,-1,0,2,-1,0,0,0,-1
20190303191892,85,4,39,7,0,3,-1,60,0,0,0
20190303191981,78,4,33,5,0,4,-1,0,0,0,0
20190303191981,80,4,34,5,0,5,-1,60,0,0,0
20190303191981,74,4,39,3,0,6,-1,0,0,0,0
20190303191981,80,4,40,5,0,7,-1,60,0,0,0
20190303192018,80,4,34,4,0,3,-1,60,0,0,0
20190303192066,68,1,26,-1,1,2,2,0,0,0,-1
20190303192066,76,1,26,-1,1,3,3,0,0,0,-1
20190303192154,64,4,40,2,0,5,-1,0,0,0,0
20190303192528,85,4,33,10,0,2,-1,60,0,0,0
20190312181079,72,1,43,-1,0,3,-1,0,0,0,-1
20190401190646,80,4,33,2,0,5,-1,60,0,0,0
20190401190995,85,4,33,3,0,3,-1,0,0,0,0
20190401190995,85,1,34,-1,0,4,-1,60,0,0,-1
20190401190995,59,4,20,7,1,2,2,0,0,0,0
20190401191694,72,4,33,2,0,4,-1,0,43,0,42
20190401191694,52,4,34,2,0,5,-1,43,43,43,42
20190402190021,85,1,34,-1,0,3,-1,60,0,0,-1
20190402190021,85,2,33,-1,0,4,-1,0,0,0,-1
20190402190654,59,4,24,10,1,2,2,0,0,0,0
20190402190713,73,4,41,25,0,3,-1,0,0,0,0
20190402190713,52,4,41,12,0,4,-1,0,0,0,0
20190402190713,59,4,41,15,0,5,-1,0,0,0,0
20190402190839,69,2,39,-1,0,3,-1,0,0,0,-1
20190402190839,80,4,33,3,0,4,-1,60,0,0,0
20190402190839,80,4,34,3,0,5,-1,60,0,0,0
20190402191191,73,4,33,10,0,4,-1,0,0,0,0
20190402191191,76,4,34,10,0,5,-1,0,0,0,0
20190402191302,72,4,43,2,0,4,-1,0,0,0,0
20190402191305,70,1,47,-1,0,4,-1,0,0,0,-1
20190402191305,60,4,41,2,0,5,-1,0,0,0,0
20190402191347,85,4,33,2,0,7,-1,60,0,0,0
20190402191368,85,4,47,2,0,4,-1,60,0,0,0
20190402191368,85,4,48,3,0,5,-1,60,0,0,0
20190402191446,85,1,33,-1,0,3,-1,60,0,0,-1
20190402191824,63,4,24,3,1,2,2,0,0,0,0
20190402191922,72,1,39,-1,0,5,-1,0,0,0,-1
20190402191922,70,1,34,-1,0,6,-1,0,0,0,-1
20190402192043,74,4,33,5,0,2,-1,0,0,0,0
20190403190015,65,4,20,5,1,2,2,0,0,0,0
20190403190015,66,4,26,8,1,3,3,0,0,0,0
20190403190095,75,4,20,26,1,2,2,0,0,0,0
20190403190107,85,4,44,2,0,3,-1,60,0,0,0
20190403190129,85,4,39,10,0,3,-1,60,0,0,0
20190403190146,79,4,21,14,1,2,2,0,0,0,0
20190403190514,85,1,43,-1,0,2,-1,60,0,0,-1
20190403190514,85,1,43,-1,0,3,-1,60,0,0,-1
20190403190514,61,1,43,-1,0,4,-1,0,0,0,-1
20190403190550,78,3,33,-1,0,3,-1,0,0,0,-1
20190403190555,80,2,43,-1,0,6,-1,0,0,0,-1
20190403190568,80,1,33,-1,0,2,-1,0,0,0,-1
20190403190569,85,2,33,-1,0,3,-1,60,0,0,-1
20190403190584,85,4,56,3,0,2,-1,60,0,0,0
20190403190586,56,1,33,-1,0,2,-1,0,0,0,-1
20190403190647,85,4,47,4,0,3,-1,60,0,0,0
20190403190647,66,4,24,5,1,2,2,0,0,0,0
20190403190663,61,4,44,4,0,2,-1,0,0,0,0
20190403190663,80,4,44,3,0,3,-1,60,0,0,0
20190403190663,71,4,44,5,0,4,-1,0,0,0,0
20190403190663,65,4,44,2,0,5,-1,0,0,0,0
20190403190663,85,2,44,-1,0,6,-1,61,0,0,-1
20190403190738,75,4,20,4,1,2,2,0,0,0,0
20190403190757,85,4,33,10,0,2,-1,60,0,0,0
20190403190757,85,4,34,1,0,3,-1,60,0,0,0
20190403190795,80,2,34,-1,0,3,-1,60,0,0,-1
20190403190801,77,4,20,2,1,2,2,0,0,0,0
20190403190817,68,2,44,-1,0,3,-1,0,0,0,-1
20190403190817,71,2,44,-1,0,4,-1,0,0,0,-1
20190403190850,59,1,33,-1,0,7,-1,0,0,0,-1
20190403190861,85,4,43,2,0,2,-1,0,0,0,0
20190403190885,85,4,33,14,0,2,-1,60,0,0,0
20190403190900,47,2,24,-1,1,2,2,0,0,0,-1
20190403190900,39,2,24,-1,1,3,3,0,0,0,-1
20190403190907,85,4,33,3,0,2,-1,60,0,0,0
20190403190963,85,4,24,10,1,2,2,0,0,0,0
20190403190999,71,1,33,-1,0,3,-1,0,0,0,-1
20190403191006,80,3,38,-1,0,3,-1,60,0,0,-1
20190403191014,85,4,47,2,0,5,-1,60,0,0,0
20190403191030,85,4,56,5,0,2,-1,60,0,0,0
20190403191105,80,4,24,2,1,4,4,0,0,0,0
20190403191232,71,3,33,-1,0,5,-1,0,0,0,-1
20190403191232,77,3,34,-1,0,6,-1,0,0,0,-1
20190403191269,70,4,44,6,0,4,-1,0,0,0,0
20190403191269,80,4,48,2,0,5,-1,0,0,0,0
20190403191270,56,2,33,-1,0,6,-1,0,0,0,-1
20190403191270,80,2,47,-1,0,7,-1,0,0,0,-1
20190403191306,74,4,33,3,0,2,-1,0,0,0,0
20190403191306,68,2,41,-1,0,3,-1,0,0,0,-1
20190403191310,78,4,24,10,1,3,3,0,0,0,0
20190403191310,77,4,24,10,1,4,4,0,0,0,0
20190403191322,85,3,47,-1,0,5,-1,60,0,0,-1
20190403191322,85,3,47,-1,0,6,-1,60,0,0,-1
20190403191395,85,4,39,2,0,4,-1,0,0,0,0
20190403191430,78,4,33,12,0,4,-1,0,0,0,0
20190403191456,80,4,49,3,0,3,-1,0,0,0,0
20190403191481,75,4,26,4,1,5,5,0,0,0,0
20190403191534,85,3,33,-1,0,3,-1,60,0,0,-1
20190403191544,80,1,44,-1,0,2,-1,60,0,0,-1
20190403191552,75,2,33,-1,0,3,-1,0,0,0,-1
20190403191553,72,2,34,-1,0,4,-1,0,0,0,-1
20190403191584,79,2,33,-1,0,2,-1,0,0,0,-1
20190403191631,85,2,33,-1,0,4,-1,0,0,0,-1
20190403191631,85,2,34,-1,0,5,-1,0,0,0,-1
20190403191633,79,3,43,-1,0,5,-1,0,0,0,-1
20190403191690,56,1,56,-1,0,6,-1,42,0,0,-1
20190403191693,56,1,56,-1,0,4,-1,0,0,0,-1
20190403191713,85,4,24,3,1,5,5,0,0,0,0
20190403191726,85,4,43,2,0,5,-1,0,0,0,0
20190403191817,67,1,34,-1,0,10,-1,0,0,0,-1
20190403191820,80,4,56,2,0,5,-1,60,0,0,0
20190403191820,75,1,56,-1,0,6,-1,0,0,0,-1
20190403191821,85,4,33,6,0,3,-1,60,0,0,0
20190403191852,85,4,40,4,0,3,-1,60,0,0,0
20190403191872,85,4,20,4,1,2,2,0,0,0,0
20190403191907,77,1,33,-1,0,6,-1,0,0,0,-1
20190403191915,72,3,48,-1,0,2,-1,0,0,0,-1
20190403191922,64,4,20,30,1,2,2,0,0,0,0
20190403191954,58,1,56,-1,0,4,-1,0,0,0,-1
20190403191954,62,1,56,-1,0,5,-1,0,0,0,-1
20190403191954,55,4,56,2,0,6,-1,0,0,0,0
20190403191954,70,1,56,-1,0,7,-1,0,0,0,-1
20190403191967,76,3,33,-1,0,4,-1,0,0,0,-1
20190403191967,85,1,41,-1,0,5,-1,60,0,0,-1
20190403191983,85,1,49,-1,0,2,-1,0,0,0,-1
20190403192011,54,3,41,-1,0,4,-1,0,0,0,-1
20190403192030,78,4,33,2,0,5,-1,0,0,0,0
20190403192030,76,2,34,-1,0,6,-1,0,0,0,-1
20190403192052,85,4,40,8,0,5,-1,60,0,0,0
20190403192070,70,4,24,7,1,3,3,0,0,0,0
20190403192124,68,2,39,-1,0,4,-1,0,0,0,-1
20190403192205,71,4,49,2,0,2,-1,0,0,0,0
20190403192223,85,4,42,15,0,2,-1,60,0,0,0
20190403192316,85,4,34,2,0,6,-1,60,0,0,0
20190403192319,80,4,33,3,0,3,-1,60,0,0,0
20190403192333,58,4,41,2,0,2,-1,0,0,0,0
20190403192346,85,2,33,-1,0,2,-1,60,0,0,-1
20190403192365,68,3,44,-1,0,2,-1,0,0,0,-1
20190403192365,72,3,44,-1,0,3,-1,0,0,0,-1
20190403192371,85,4,33,2,0,4,-1,60,0,0,0
20190403192371,85,4,34,2,0,5,-1,60,0,0,0
20190403192389,73,1,38,-1,0,3,-1,0,0,0,-1
20190403192389,60,1,49,-1,0,4,-1,0,0,0,-1
20190403192402,85,4,56,2,0,3,-1,0,0,0,0
20190403192402,80,4,56,2,0,4,-1,60,0,0,0
20190403192408,74,4,20,20,1,2,2,0,0,0,0
20190403192442,65,4,43,10,0,2,-1,0,0,0,0
20190403192496,85,1,47,-1,0,2,-1,60,0,0,-1
20190403192496,85,1,48,-1,0,3,-1,60,0,0,-1
20190403192496,71,1,41,-1,0,4,-1,0,0,0,-1
20190403192507,77,4,34,10,0,4,-1,0,0,0,0
20190403192513,85,2,39,-1,0,6,-1,60,0,0,-1
20190403192520,68,4,33,11,0,5,-1,0,0,0,0
20190403192520,68,4,34,9,0,6,-1,0,0,0,0
20190403192529,85,4,33,2,0,5,-1,60,0,0,0
20190403192530,85,4,39,4,0,3,-1,60,0,0,0
20190403192530,85,4,34,3,0,4,-1,60,0,0,0
20190403192531,78,1,56,-1,0,2,-1,0,0,0,-1
20190404190103,80,1,20,-1,1,2,2,0,0,0,-1
20190404190507,76,4,20,7,1,3,3,0,0,0,0
20190404190550,65,1,33,-1,0,5,-1,0,0,0,-1
20190404190550,63,1,34,-1,0,6,-1,0,0,0,-1
20190404190764,80,4,33,3,0,7,-1,60,0,0,0
20190404190773,80,4,20,4,1,2,2,0,0,0,0
20190404190833,80,4,43,4,0,7,-1,0,0,0,0
20190404190919,61,1,43,-1,0,3,-1,0,0,0,-1
20190404190930,85,4,33,3,0,3,-1,60,0,0,0
20190404190930,85,4,34,2,0,4,-1,60,0,0,0
20190404190993,85,1,34,-1,0,2,-1,60,0,0,-1
20190404191002,78,1,33,-1,0,6,-1,0,0,0,-1
20190404191089,78,4,34,2,0,3,-1,0,0,0,0
20190404191207,85,2,33,-1,0,2,-1,60,0,0,-1
20190404191210,71,4,24,4,1,2,2,0,0,0,0
20190404191262,80,2,24,-1,1,4,4,0,0,0,-1
20190404191264,85,4,39,4,0,3,-1,60,0,0,0
20190404191388,85,1,43,-1,0,2,-1,61,0,0,-1
20190404191396,80,4,33,2,0,2,-1,60,0,0,42
20190404191396,74,4,56,10,0,3,-1,0,0,0,0
20190404191542,71,4,40,3,0,4,-1,0,0,0,0
20190404191549,85,4,44,4,0,2,-1,0,0,0,0
20190404191549,70,1,44,-1,0,3,-1,0,0,0,-1
20190404191549,85,2,44,-1,0,4,-1,60,0,0,-1
20190404191568,85,1,34,-1,0,6,-1,60,0,0,-1
20190404191688,66,2,56,-1,0,2,-1,0,0,0,-1
20190404192045,64,1,33,-1,0,5,-1,0,0,0,-1
20190404192135,65,4,44,2,0,3,-1,0,0,0,0
20190404192139,75,1,43,-1,0,2,-1,0,0,0,-1
20190404192234,75,4,33,6,0,6,-1,0,0,0,0
20190404192257,85,3,39,-1,0,2,-1,60,0,0,-1
20190404192257,29,4,49,29,0,3,-1,0,0,0,0
20190404192293,58,1,43,-1,0,2,-1,0,0,0,-1
20190404192492,85,4,43,20,0,2,-1,60,0,0,0
20190404192492,85,4,43,20,0,3,-1,60,0,0,0
20190404192510,80,4,33,20,0,4,-1,60,0,0,0
20190404192510,85,4,34,10,0,5,-1,60,0,0,0
20190404192510,65,4,20,1,1,2,2,0,0,0,0
20190502190565,85,3,38,-1,0,3,-1,60,0,0,-1
20190502190860,63,3,33,-1,0,2,-1,0,0,0,-1
20190502191278,79,4,44,2,0,2,-1,0,0,0,0
20190503190034,50,1,44,-1,0,2,-1,0,0,0,-1
20190503190088,85,1,56,-1,0,2,-1,60,0,0,-1
20190503190089,73,4,34,3,0,3,-1,0,0,0,0
20190503190101,76,1,33,-1,0,3,-1,0,0,0,-1
20190503190101,80,1,34,-1,0,4,-1,0,0,0,-1
20190503190510,85,2,43,-1,0,2,-1,60,0,0,-1
20190503190770,80,1,33,-1,0,6,-1,60,0,0,-1
20190503190770,78,1,34,-1,0,7,-1,0,0,0,-1
20190503190808,77,4,47,2,0,4,-1,0,0,0,0
20190503190920,85,4,44,2,0,2,-1,60,0,0,0
20190503190921,85,4,33,5,0,2,-1,60,0,0,0
20190503191019,67,4,39,10,0,3,-1,0,0,0,0
20190503191019,75,4,40,10,0,4,-1,0,0,0,0
20190503191031,80,4,49,3,0,3,-1,60,0,0,0
20190503191031,80,4,49,3,0,4,-1,60,0,0,0
20190503191043,80,4,44,5,0,4,-1,60,0,0,0
20190503191043,78,3,44,-1,0,5,-1,0,0,0,-1
20190503191057,71,3,44,-1,0,4,-1,43,43,43,-1
20190503191063,85,4,33,36,0,2,-1,60,0,0,0
20190503191083,65,4,24,6,1,2,2,0,0,0,0
20190503191083,85,4,26,6,1,3,3,0,0,0,0
20190503191185,80,4,33,20,0,4,-1,60,0,0,0
20190503191185,85,4,34,2,0,5,-1,60,0,0,0
20190503191249,75,1,33,-1,0,4,-1,0,0,0,-1
20190503191287,71,4,33,1,0,6,-1,0,0,0,0
20190503191309,85,4,34,30,0,3,-1,60,0,0,0
20190503191705,80,4,47,6,0,8,-1,60,0,0,0
20190503191935,85,4,33,5,0,3,-1,0,0,0,0
20190503191935,85,4,34,5,0,4,-1,60,0,0,0
20190503192315,85,4,33,2,0,4,-1,60,0,0,0
20190503192318,64,4,24,6,1,2,2,0,0,0,0
20190503192318,66,4,24,4,1,3,3,0,0,0,0
20190503192446,72,4,33,2,0,5,-1,0,0,0,0
20190503192475,74,4,43,4,0,3,-1,0,0,0,0
20190504190008,80,4,43,4,0,2,-1,60,0,0,0
20190504190008,66,3,43,-1,0,3,-1,0,0,0,-1
20190504190014,78,4,47,12,0,5,-1,0,0,0,0
20190504190026,65,4,43,3,0,3,-1,0,42,0,42
20190504190026,62,1,40,-1,0,4,-1,0,0,0,-1
20190504190026,63,4,44,2,0,5,-1,42,0,0,0
20190504190055,71,2,42,-1,0,4,-1,0,0,0,-1
20190504190055,54,4,33,2,0,5,-1,0,0,0,0
20190504190064,80,2,43,-1,0,2,-1,0,0,0,-1
20190504190088,61,4,38,2,0,3,-1,0,0,0,0
20190504190124,72,4,20,3,1,2,2,0,0,0,0
20190504190526,80,2,44,-1,0,3,-1,60,0,0,-1
20190504190562,80,3,47,-1,0,2,-1,60,0,0,-1
20190504190565,85,4,33,17,0,3,-1,60,0,0,0
20190504190569,75,2,34,-1,0,8,-1,0,0,0,-1
20190504190578,76,4,47,5,0,3,-1,0,0,0,0
20190504190592,85,4,33,1,0,3,-1,0,0,0,0
20190504190654,52,2,43,-1,0,5,-1,0,0,0,-1
20190504190654,80,3,44,-1,0,6,-1,0,0,0,-1
20190504190654,80,1,43,-1,0,7,-1,0,0,0,-1
20190504190702,85,4,44,9,0,3,-1,60,0,0,0
20190504190726,80,3,44,-1,0,3,-1,0,0,0,-1
20190504190732,85,2,38,-1,0,3,-1,0,0,0,-1
20190504190750,73,1,41,-1,0,3,-1,0,0,0,-1
20190504190781,26,4,38,10,0,5,-1,0,0,0,0
20190504190781,67,4,26,2,1,2,2,0,0,0,0
20190504190781,78,4,26,2,1,3,3,0,0,0,0
20190504190809,85,4,24,35,1,2,2,60,0,0,0
20190504190811,69,4,33,10,0,2,-1,0,0,0,0
20190504190811,70,4,34,10,0,3,-1,0,0,0,0
20190504190819,77,4,47,7,0,3,-1,0,0,0,0
20190504190819,78,4,48,7,0,4,-1,0,0,0,0
20190504190821,85,2,47,-1,0,6,-1,60,0,0,-1
20190504190831,85,1,33,-1,0,2,-1,60,0,0,-1
20190504190891,72,2,44,-1,0,5,-1,0,0,0,-1
20190504190892,85,2,47,-1,0,5,-1,0,0,0,-1
20190504190916,85,4,33,5,0,2,-1,60,0,0,0
20190504190957,85,4,47,2,0,3,-1,0,0,0,0
20190504190974,76,4,41,2,0,5,-1,0,0,0,0
20190504190974,75,4,42,2,0,6,-1,0,0,0,0
20190504190976,70,4,20,3,1,2,2,0,0,0,0
20190504191011,85,4,34,2,0,3,-1,60,0,0,0
20190504191011,80,4,33,2,0,4,-1,60,0,0,0
20190504191039,85,3,33,-1,0,4,-1,60,0,0,-1
20190504191049,77,4,34,2,0,2,-1,0,0,0,0
20190504191049,85,4,56,9,0,3,-1,60,0,0,0
20190504191076,74,4,37,2,0,2,-1,0,0,0,0
20190504191123,80,4,34,5,0,3,-1,60,0,0,0
20190504191123,78,4,49,5,0,4,-1,0,0,0,0
20190504191123,85,4,44,10,0,5,-1,60,0,0,0
20190504191131,80,4,56,13,0,5,-1,61,0,0,0
20190504191131,85,4,56,13,0,6,-1,61,0,0,0
20190504191131,85,4,56,13,0,7,-1,61,0,0,0
20190504191131,80,4,56,13,0,8,-1,61,0,0,0
20190504191131,64,4,56,13,0,9,-1,42,0,0,0
20190504191154,69,4,24,8,1,3,3,0,0,0,0
20190504191161,85,4,33,3,0,2,-1,60,0,0,0
20190504191161,85,4,34,3,0,3,-1,60,0,0,0
20190504191179,85,4,43,5,0,7,-1,0,0,0,0
20190504191250,85,2,33,-1,0,2,-1,60,0,0,-1
20190504191250,85,2,34,-1,0,3,-1,60,0,0,-1
20190504191294,77,4,33,10,0,2,-1,0,0,0,0
20190504191342,85,4,44,4,0,2,-1,60,0,0,0
20190504191397,51,4,33,2,0,4,-1,0,0,0,0
20190504191402,85,4,41,3,0,3,-1,60,0,0,0
20190504191405,68,1,47,-1,0,6,-1,0,0,0,-1
20190504191412,73,1,43,-1,0,5,-1,0,0,0,-1
20190504191468,70,4,21,10,1,2,2,0,0,0,0
20190504191485,71,4,33,4,0,3,-1,0,0,0,42
20190504191485,75,4,34,10,0,4,-1,0,0,0,0
20190504191503,75,4,34,15,0,2,-1,0,0,0,0
20190504191516,85,4,33,1,0,3,-1,60,0,0,0
20190504191516,85,4,34,1,0,4,-1,60,0,0,0
20190504191530,78,4,33,3,0,2,-1,0,0,0,0
20190504191538,85,4,56,12,0,2,-1,60,0,0,0
20190504191538,70,4,56,6,0,3,-1,0,0,0,0
20190504191538,62,4,56,3,0,4,-1,0,0,0,0
20190504191538,60,4,56,3,0,5,-1,0,0,0,0
20190504191538,79,4,56,2,0,6,-1,0,0,0,0
20190504191551,80,4,35,2,0,2,-1,0,0,0,0
20190504191583,80,4,43,3,0,2,-1,60,0,0,0
20190504191583,85,4,37,2,0,3,-1,0,0,0,0
20190504191649,78,2,43,-1,0,3,-1,0,0,0,-1
20190504191674,62,1,34,-1,0,2,-1,0,0,0,-1
20190504191674,71,1,33,-1,0,3,-1,0,0,0,-1
20190504191683,79,4,20,7,1,2,2,0,0,0,0
20190504191700,77,1,34,-1,0,5,-1,0,0,0,-1
20190504191714,75,3,33,-1,0,3,-1,0,0,0,-1
20190504191721,85,4,33,10,0,4,-1,60,0,0,0
20190504191730,71,4,41,71,0,4,-1,0,0,0,0
20190504191730,85,3,47,-1,0,5,-1,60,0,0,-1
20190504191762,80,4,43,2,0,3,-1,60,0,0,0
20190504191818,75,1,43,-1,0,4,-1,0,0,0,-1
20190504191819,77,1,26,-1,1,3,3,0,0,0,-1
20190504191852,76,1,20,-1,1,2,2,0,0,0,-1
20190504191901,64,4,33,2,0,4,-1,0,0,0,0
20190504191915,77,1,20,-1,1,2,2,0,0,0,-1
20190504191923,80,4,34,5,0,4,-1,60,0,0,0
20190504191944,80,1,49,-1,0,5,-1,61,0,0,-1
20190504191977,85,4,33,2,0,3,-1,60,0,0,0
20190504191998,62,4,49,2,0,3,-1,0,0,0,0
20190504192012,85,4,33,5,0,3,-1,60,0,0,0
20190504192012,85,4,34,5,0,4,-1,60,0,0,0
20190504192012,85,4,39,5,0,5,-1,60,0,0,0
20190504192047,78,3,43,-1,0,2,-1,0,0,0,-1
20190504192064,80,4,24,4,1,2,2,0,0,0,0
20190504192078,85,4,33,5,0,2,-1,60,0,0,0
20190504192083,79,3,34,-1,0,2,-1,0,0,0,-1
20190504192142,85,4,56,2,0,2,-1,60,0,0,0
20190504192172,85,4,56,7,0,2,-1,60,0,0,0
20190504192188,78,3,33,-1,0,3,-1,0,0,0,-1
20190504192208,58,2,37,-1,0,3,-1,0,0,0,-1
20190504192217,67,3,33,-1,0,3,-1,0,0,0,-1
20190504192236,80,3,49,-1,0,3,-1,0,0,0,-1
20190504192236,85,4,43,8,0,4,-1,60,0,0,0
20190504192248,79,4,20,4,1,2,2,0,0,0,0
20190504192262,69,4,38,25,0,3,-1,0,0,0,0
20190504192274,79,2,34,-1,0,3,-1,0,0,0,-1
20190504192287,80,4,38,3,0,3,-1,60,0,0,0
20190504192307,61,2,39,-1,0,5,-1,0,0,0,-1
20190504192358,77,3,47,-1,0,6,-1,0,0,0,-1
20190504192372,58,4,20,2,1,2,2,0,0,0,0
20190504192380,79,3,33,-1,0,4,-1,0,0,0,-1
20190504192380,85,3,49,-1,0,5,-1,60,0,0,-1
20190504192398,85,4,39,10,0,3,-1,60,0,0,0
20190504192489,85,4,33,19,0,3,-1,60,0,0,0
20190504192513,78,1,34,-1,0,6,-1,0,0,0,-1
20190504192527,74,1,43,-1,0,5,-1,0,0,0,-1
20190505190050,85,4,43,6,0,2,-1,60,0,0,0
20190505191142,85,4,43,3,0,3,-1,60,0,0,0
20190505191376,64,4,38,64,0,2,-1,0,0,0,0
20190505191983,62,1,44,-1,0,3,-1,0,0,0,-1
20190505192037,77,4,21,13,1,2,2,0,0,0,0
20190505192317,70,4,47,3,0,4,-1,0,0,0,0
20190505192317,73,4,48,3,0,5,-1,0,0,0,0
20190603190941,69,1,33,-1,0,3,-1,0,0,0,-1
20190604190127,80,3,33,-1,0,2,-1,0,0,0,-1
20190604190648,85,4,33,7,0,3,-1,60,0,0,0
20190604190835,78,3,33,-1,0,2,-1,0,0,0,-1
20190604190903,80,1,40,-1,0,5,-1,60,0,0,-1
20190604190903,59,4,41,7,0,6,-1,0,0,0,0
20190604191194,40,4,38,2,0,2,-1,0,0,0,0
20190604191194,75,4,49,3,0,3,-1,0,0,0,0
20190604191194,35,3,49,-1,0,4,-1,0,0,0,-1
20190604191247,79,4,47,4,0,4,-1,0,0,0,0
20190604191247,79,4,47,4,0,5,-1,0,0,0,0
20190604191317,68,3,34,-1,0,6,-1,0,0,0,-1
20190604191455,64,4,37,5,0,5,-1,0,0,0,0
20190604191552,65,3,44,-1,0,2,-1,0,0,0,-1
20190604191719,70,3,47,-1,0,5,-1,0,0,0,-1
20190604192008,85,2,33,-1,0,3,-1,60,0,0,-1
20190604192238,85,1,33,-1,0,5,-1,60,0,0,-1
20190604192238,85,1,34,-1,0,6,-1,60,0,0,-1
20190604192450,74,4,33,3,0,3,-1,0,0,0,0
20190604192450,74,4,34,5,0,4,-1,0,0,0,0
20190604192483,85,4,33,8,0,3,-1,60,0,0,0
20190604192554,80,1,24,-1,1,4,4,0,0,0,-1
20190605190009,85,4,33,7,0,3,-1,60,0,0,0
20190605190013,79,1,24,-1,1,3,3,0,0,0,-1
20190605190062,67,4,20,2,1,2,2,0,0,0,43
20190605190066,80,4,33,5,0,3,-1,60,0,0,0
20190605190100,59,4,20,7,1,2,2,0,0,0,0
20190605190124,76,4,34,5,0,7,-1,0,0,0,0
20190605190532,80,4,40,5,0,6,-1,60,0,0,0
20190605190547,85,4,39,2,0,6,-1,60,0,0,0
20190605190565,85,3,33,-1,0,3,-1,60,0,0,-1
20190605190565,85,2,34,-1,0,4,-1,60,0,0,-1
20190605190577,70,4,49,2,0,2,-1,0,0,0,42
20190605190658,80,4,47,10,0,5,-1,60,0,0,0
20190605190681,72,4,33,5,0,3,-1,0,0,0,0
20190605190681,73,4,34,5,0,4,-1,0,0,0,0
20190605190681,75,4,49,5,0,5,-1,0,0,0,0
20190605190722,85,1,43,-1,0,2,-1,0,0,0,-1
20190605190722,85,1,43,-1,0,3,-1,0,0,0,-1
20190605190743,85,4,33,10,0,2,-1,60,0,0,0
20190605190747,80,4,33,2,0,3,-1,60,42,0,42
20190605190803,79,3,34,-1,0,2,-1,0,0,0,-1
20190605190821,80,3,33,-1,0,5,-1,60,0,0,-1
20190605190821,65,1,44,-1,0,6,-1,0,0,0,-1
20190605190825,70,3,33,-1,0,3,-1,0,0,0,-1
20190605190874,80,4,33,25,0,2,-1,60,0,0,0
20190605190874,71,3,56,-1,0,3,-1,0,0,0,-1
20190605190874,71,3,56,-1,0,4,-1,0,0,0,-1
20190605190886,85,4,39,2,0,5,-1,60,0,0,0
20190605190896,79,1,43,-1,0,4,-1,0,0,0,-1
20190605190910,58,1,44,-1,0,2,-1,42,0,0,-1
20190605190926,80,2,48,-1,0,3,-1,60,0,0,-1
20190605190977,85,4,47,5,0,3,-1,60,0,0,0
20190605191053,73,4,43,3,0,5,-1,0,0,0,0
20190605191100,69,4,33,2,0,5,-1,0,0,0,0
20190605191193,77,4,24,14,1,2,2,0,0,0,0
20190605191193,68,4,24,14,1,3,3,0,0,0,0
20190605191221,80,3,33,-1,0,2,-1,60,0,0,-1
20190605191243,80,4,43,2,0,3,-1,0,0,0,0
20190605191247,85,1,43,-1,0,4,-1,60,0,0,-1
20190605191247,85,1,43,-1,0,5,-1,60,0,0,-1
20190605191247,85,1,43,-1,0,6,-1,60,0,0,-1
20190605191247,85,1,43,-1,0,7,-1,60,0,0,-1
20190605191276,85,4,34,5,0,5,-1,60,0,0,0
20190605191276,80,3,56,-1,0,6,-1,60,0,0,-1
20190605191328,63,4,38,2,0,3,-1,0,0,0,0
20190605191349,55,1,43,-1,0,3,-1,0,0,0,-1
20190605191349,69,4,20,4,1,2,2,0,0,0,0
20190605191351,77,1,33,-1,0,5,-1,0,0,0,-1
20190605191351,77,1,34,-1,0,6,-1,0,0,0,-1
20190605191410,80,4,43,3,0,2,-1,0,0,0,0
20190605191423,85,4,39,3,0,3,-1,60,0,0,0
20190605191448,80,4,43,2,0,2,-1,0,0,0,0
20190605191448,75,4,43,5,0,3,-1,0,0,0,0
20190605191458,60,4,43,5,0,3,-1,0,0,0,0
20190605191477,72,1,43,-1,0,2,-1,0,0,0,-1
20190605191483,85,4,33,2,0,3,-1,60,0,0,0
20190605191486,80,4,34,3,0,5,-1,60,0,0,0
20190605191524,85,4,33,10,0,2,-1,60,0,0,0
20190605191527,85,4,24,3,1,2,2,0,0,0,0
20190605191588,35,4,49,15,0,2,-1,0,0,0,0
20190605191643,80,3,33,-1,0,3,-1,60,0,0,-1
20190605191680,80,4,33,2,0,6,-1,60,0,0,0
20190605191680,80,4,41,2,0,7,-1,60,0,0,0
20190605191694,72,4,39,2,0,3,-1,0,0,0,0
20190605191703,65,4,38,3,0,4,-1,0,0,0,0
20190605191715,85,4,33,5,0,2,-1,60,0,0,0
20190605191782,76,4,33,3,0,5,-1,0,0,0,0
20190605191782,73,4,34,3,0,6,-1,0,0,0,0
20190605191799,80,4,48,2,0,7,-1,0,0,0,0
20190605191818,85,4,43,1,0,2,-1,60,0,0,0
20190605191838,85,4,33,2,0,3,-1,60,0,0,0
20190605191858,80,4,44,6,0,3,-1,60,0,0,0
20190605191866,77,1,44,-1,0,3,-1,42,0,0,-1
20190605191868,85,3,33,-1,0,2,-1,60,0,0,-1
20190605191878,85,4,43,4,0,3,-1,0,0,0,0
20190605191885,85,4,43,5,0,2,-1,60,0,0,0
20190605191890,49,1,33,-1,0,5,-1,0,0,0,-1
20190605191891,85,4,34,2,0,3,-1,60,0,0,0
20190605191906,85,4,33,4,0,2,-1,60,0,0,0
20190605191921,70,1,20,-1,1,2,2,0,0,0,-1
20190605191930,74,4,34,5,0,2,-1,0,0,0,0
20190605191951,80,4,44,5,0,4,-1,60,0,0,0
20190605191951,67,1,56,-1,0,5,-1,0,0,0,-1
20190605192006,71,1,41,-1,0,2,-1,0,0,0,-1
20190605192012,85,4,43,3,0,3,-1,60,0,0,0
20190605192012,80,1,44,-1,0,4,-1,0,0,0,-1
20190605192019,85,4,40,2,0,2,-1,60,0,0,0
20190605192021,68,4,24,5,1,2,2,0,0,0,0
20190605192029,70,4,20,8,1,2,2,0,0,0,0
20190605192044,77,1,44,-1,0,3,-1,0,0,0,-1
20190605192069,57,1,30,-1,1,2,2,0,0,0,-1
20190605192114,85,4,56,6,0,3,-1,60,0,0,0
20190605192119,64,2,33,-1,0,4,-1,0,0,0,-1
20190605192134,85,4,39,3,0,3,-1,60,0,0,0
20190605192137,85,2,43,-1,0,4,-1,60,0,0,-1
20190605192151,80,2,33,-1,0,3,-1,0,0,0,-1
20190605192151,79,2,34,-1,0,4,-1,0,0,0,-1
20190605192156,85,4,34,3,0,3,-1,60,0,0,0
20190605192159,80,1,43,-1,0,3,-1,60,0,0,-1
20190605192159,76,1,44,-1,0,4,-1,0,0,0,-1
20190605192159,85,4,24,3,1,2,2,0,0,0,0
20190605192161,71,4,38,10,0,3,-1,0,0,0,0
20190605192161,74,3,20,-1,1,2,2,0,0,0,-1
20190605192179,72,4,43,20,0,4,-1,0,0,0,0
20190605192179,55,4,43,20,0,5,-1,0,0,0,0
20190605192179,77,4,41,20,0,6,-1,0,0,0,0
20190605192179,76,4,43,10,0,7,-1,0,0,0,0
20190605192179,73,4,43,15,0,8,-1,0,0,0,0
20190605192213,85,4,33,3,0,3,-1,60,0,0,0
20190605192226,61,4,37,9,0,2,-1,0,0,0,0
20190605192235,85,4,47,5,0,4,-1,60,0,0,0
20190605192235,70,1,43,-1,0,5,-1,0,0,0,-1
20190605192241,80,3,38,-1,0,2,-1,60,0,0,-1
20190605192248,71,3,21,-1,1,2,2,0,0,0,-1
20190605192254,85,4,33,4,0,2,-1,60,0,0,0
20190605192254,85,4,34,4,0,3,-1,60,0,0,0
20190605192256,85,2,40,-1,0,4,-1,60,0,0,-1
20190605192264,73,1,47,-1,0,5,-1,0,0,0,-1
20190605192270,66,2,39,-1,0,3,-1,0,0,0,-1
20190605192270,68,2,40,-1,0,4,-1,0,0,0,-1
20190605192283,55,4,33,2,0,7,-1,0,0,0,0
20190605192312,80,4,41,2,0,5,-1,60,0,0,0
20190605192312,73,4,41,2,0,6,-1,0,0,0,0
20190605192312,72,4,33,8,0,7,-1,0,0,0,0
20190605192312,78,4,44,6,0,8,-1,0,0,0,0
20190605192312,75,4,44,3,0,9,-1,0,0,0,0
20190605192331,61,4,20,8,1,2,2,0,0,0,0
20190605192341,70,3,33,-1,0,5,-1,0,0,0,-1
20190605192341,70,3,34,-1,0,6,-1,0,0,0,-1
20190605192389,85,4,40,35,0,4,-1,60,0,0,0
20190605192389,85,4,39,35,0,5,-1,60,0,0,0
20190605192389,85,3,42,-1,0,6,-1,60,0,0,-1
20190605192405,68,4,20,6,1,2,2,0,0,0,0
20190605192432,73,3,33,-1,0,2,-1,0,0,0,-1
20190605192437,68,2,20,-1,1,2,2,0,0,0,-1
20190605192471,50,4,21,10,1,2,2,0,0,0,0
20190605192476,61,4,20,10,1,2,2,0,0,0,0
20190605192506,57,3,33,-1,0,5,-1,0,0,0,-1
20190605192516,80,4,44,3,0,3,-1,60,0,0,0
20190605192546,80,2,34,-1,0,3,-1,60,0,0,-1
20190605192546,79,2,33,-1,0,4,-1,0,0,0,-1
20190605192553,85,4,20,4,1,2,2,0,0,0,0
20190606190561,85,4,34,5,0,3,-1,60,0,0,0
20190606190561,85,4,33,5,0,4,-1,60,0,0,0
20190606190660,72,2,43,-1,0,3,-1,42,0,0,-1
20190606190660,80,2,43,-1,0,4,-1,61,0,0,-1
20190606190878,85,1,44,-1,0,2,-1,60,0,0,-1
20190606190878,85,1,44,-1,0,3,-1,60,0,0,-1
20190606191082,78,1,47,-1,0,5,-1,0,0,0,-1
20190606191276,77,3,44,-1,0,4,-1,42,0,0,-1
20190606191354,65,4,33,2,0,6,-1,0,0,0,0
20190606191420,64,1,39,-1,0,6,-1,0,0,0,-1
20190606191420,79,1,40,-1,0,7,-1,0,0,0,-1
20190606191440,85,3,34,-1,0,5,-1,60,0,0,-1
20190606191668,80,1,47,-1,0,5,-1,60,0,0,-1
20190606191668,85,1,48,-1,0,6,-1,60,0,0,-1
20190606191720,80,2,44,-1,0,3,-1,60,0,0,-1
20190606191800,85,4,56,2,0,2,-1,60,0,0,0
20190606191950,85,4,33,3,0,2,-1,60,0,0,0
20190606191952,85,4,33,7,0,4,-1,60,0,0,0
20190606191997,85,4,47,15,0,5,-1,60,0,0,0
20190606192035,64,1,49,-1,0,3,-1,0,0,0,-1
20190606192035,73,2,49,-1,0,4,-1,0,0,0,-1
20190606192077,85,4,34,5,0,2,-1,60,0,0,0
20190606192167,79,4,20,5,1,2,2,0,0,0,0
20190606192183,68,1,48,-1,0,6,-1,0,0,0,-1
20190606192183,65,1,47,-1,0,7,-1,0,0,0,-1
20190606192247,85,4,44,4,0,2,-1,60,0,0,0
20190606192271,58,4,47,2,0,6,-1,0,0,0,0
20190606192276,80,4,20,2,1,2,2,60,0,0,0
20190606192477,67,1,43,-1,0,2,-1,0,0,0,-1
20190705190766,47,2,33,-1,0,3,-1,0,0,0,-1
20190705190810,85,3,39,-1,0,3,-1,60,0,0,-1
20190705190823,80,4,33,5,0,3,-1,60,0,0,0
20190705190823,80,4,40,10,0,4,-1,60,0,0,0
20190705190852,80,2,47,-1,0,5,-1,0,0,0,-1
20190705190890,85,4,24,6,1,2,2,0,0,0,0
20190705191444,85,4,34,5,0,2,-1,60,0,0,0
20190705191444,85,4,33,3,0,3,-1,60,0,0,0
20190705191666,75,4,33,3,0,5,-1,0,0,0,0
20190705191666,75,4,34,3,0,6,-1,0,0,0,0
20190705192032,80,4,20,2,1,2,2,0,0,0,0
20190705192077,85,1,33,-1,0,2,-1,60,0,0,-1
20190705192109,62,4,33,25,0,2,-1,0,0,0,0
20190705192109,85,4,47,25,0,3,-1,60,0,0,0
20190705192250,75,4,24,5,1,2,2,0,0,0,0
20190705192276,74,4,33,10,0,5,-1,0,0,0,0
20190705192302,85,4,48,10,0,4,-1,60,0,0,0
20190705192510,85,4,49,4,0,5,-1,60,0,0,0
20190706190009,78,1,44,-1,0,2,-1,0,0,0,-1
20190706190033,79,4,47,4,0,6,-1,0,0,0,0
20190706190088,76,4,44,2,0,2,-1,0,0,0,0
20190706190088,74,4,44,2,0,3,-1,0,0,0,0
20190706190088,68,4,44,2,0,4,-1,0,0,0,0
20190706190143,85,3,47,-1,0,2,-1,60,0,0,-1
20190706190530,80,1,39,-1,0,3,-1,60,0,0,-1
20190706190556,79,4,33,10,0,5,-1,0,0,0,0
20190706190594,85,4,39,3,0,3,-1,60,0,0,0
20190706190616,85,1,38,-1,0,2,-1,60,0,0,-1
20190706190629,58,4,33,20,0,4,-1,0,0,0,0
20190706190629,59,4,34,2,0,5,-1,0,0,0,0
20190706190629,80,1,43,-1,0,6,-1,61,0,0,-1
20190706190629,80,2,56,-1,0,7,-1,61,43,43,-1
20190706190645,80,3,56,-1,0,3,-1,60,0,0,-1
20190706190645,77,4,56,3,0,4,-1,0,0,0,0
20190706190698,85,4,34,10,0,3,-1,60,0,0,0
20190706190698,66,4,37,10,0,4,-1,0,0,0,0
20190706190720,70,4,43,9,0,3,-1,0,0,0,0
20190706190743,85,1,38,-1,0,2,-1,60,0,0,-1
20190706190745,78,4,33,8,0,3,-1,0,0,0,0
20190706190762,74,1,43,-1,0,5,-1,0,0,0,-1
20190706190775,85,4,33,15,0,2,-1,60,0,0,0
20190706190782,80,1,47,-1,0,3,-1,60,0,0,-1
20190706190793,85,4,44,2,0,3,-1,60,0,0,0
20190706190793,64,1,38,-1,0,4,-1,0,0,0,-1
20190706190793,66,1,44,-1,0,5,-1,42,0,0,-1
20190706190793,68,1,44,-1,0,6,-1,42,0,0,-1
20190706190794,76,1,40,-1,0,3,-1,0,0,0,-1
20190706190797,85,3,33,-1,0,3,-1,60,0,0,-1
20190706190841,85,4,33,15,0,3,-1,60,0,0,0
20190706190847,68,1,43,-1,0,3,-1,0,0,0,-1
20190706190879,80,4,43,2,0,2,-1,60,0,0,0
20190706190907,80,1,20,-1,1,2,2,0,0,0,-1
20190706190912,79,4,39,5,0,3,-1,0,0,0,0
20190706190921,85,3,38,-1,0,5,-1,60,0,0,-1
20190706191006,85,4,39,4,0,3,-1,60,0,0,0
20190706191006,85,4,40,4,0,4,-1,60,0,0,0
20190706191031,80,4,33,10,0,5,-1,60,0,0,0
20190706191031,80,4,34,10,0,6,-1,60,0,0,0
20190706191037,77,2,48,-1,0,5,-1,0,0,0,-1
20190706191076,85,4,47,4,0,5,-1,60,0,0,0
20190706191079,85,3,33,-1,0,3,-1,0,0,0,-1
20190706191079,85,3,34,-1,0,4,-1,60,0,0,-1
20190706191096,85,4,43,5,0,2,-1,60,0,0,0
20190706191125,85,1,33,-1,0,3,-1,60,0,0,-1
20190706191148,80,1,34,-1,0,3,-1,0,0,0,-1
20190706191182,85,4,33,4,0,2,-1,60,0,0,0
20190706191260,64,2,56,-1,0,2,-1,0,0,0,-1
20190706191281,73,4,33,2,0,2,-1,0,0,0,0
20190706191308,67,4,24,4,1,2,2,0,0,0,0
20190706191310,85,4,39,3,0,4,-1,60,0,0,0
20190706191334,64,4,47,3,0,4,-1,0,0,0,0
20190706191334,65,4,48,2,0,5,-1,0,0,0,0
20190706191350,80,4,44,2,0,3,-1,60,0,0,0
20190706191350,80,4,20,8,1,2,2,60,0,0,0
20190706191368,65,3,56,-1,0,5,-1,0,0,0,-1
20190706191379,85,3,43,-1,0,2,-1,60,0,0,-1
20190706191416,85,2,34,-1,0,3,-1,60,0,0,-1
20190706191416,85,2,33,-1,0,4,-1,60,0,0,-1
20190706191441,80,2,33,-1,0,3,-1,60,0,0,-1
20190706191441,85,2,34,-1,0,4,-1,60,0,0,-1
20190706191441,80,1,39,-1,0,5,-1,60,0,0,-1
20190706191459,55,4,33,10,0,3,-1,0,0,0,0
20190706191462,78,1,33,-1,0,5,-1,0,0,0,-1
20190706191493,72,3,33,-1,0,2,-1,0,0,0,-1
20190706191542,85,4,33,5,0,5,-1,60,0,0,0
20190706191566,69,2,56,-1,0,3,-1,0,0,0,-1
20190706191569,85,4,20,20,1,2,2,0,0,0,0
20190706191597,73,4,33,5,0,2,-1,0,0,0,0
20190706191605,85,4,34,3,0,2,-1,60,0,0,0
20190706191628,68,1,43,-1,0,3,-1,0,0,0,-1
20190706191649,78,1,44,-1,0,5,-1,0,0,0,-1
20190706191659,80,3,56,-1,0,2,-1,60,0,0,-1
20190706191701,85,2,48,-1,0,5,-1,0,0,0,-1
20190706191712,85,3,44,-1,0,3,-1,60,0,0,-1
20190706191712,85,3,44,-1,0,4,-1,60,0,0,-1
20190706191719,71,1,37,-1,0,5,-1,0,0,0,-1
20190706191728,85,1,43,-1,0,2,-1,60,0,0,-1
20190706191728,85,1,43,-1,0,3,-1,60,0,0,-1
20190706191778,78,4,39,5,0,6,-1,0,0,0,0
20190706191791,85,4,33,5,0,2,-1,60,0,0,0
20190706191791,85,4,34,5,0,3,-1,60,0,0,0
20190706191822,85,4,47,5,0,4,-1,0,0,0,0
20190706191845,62,4,20,12,1,2,2,0,0,0,0
20190706191887,65,4,39,6,0,6,-1,0,0,0,0
20190706191887,78,4,40,6,0,7,-1,0,0,0,0
20190706191909,85,4,43,4,0,2,-1,60,0,0,0
20190706191945,73,4,34,5,0,4,-1,0,0,0,0
20190706191948,58,4,39,5,0,5,-1,0,0,0,0
20190706191948,68,4,33,10,0,6,-1,0,0,0,0
20190706191962,85,4,40,3,0,3,-1,0,0,0,0
20190706192053,80,4,43,8,0,2,-1,60,0,0,0
20190706192053,80,4,43,15,0,3,-1,60,0,0,0
20190706192053,70,4,43,12,0,4,-1,0,0,0,0
20190706192066,62,1,33,-1,0,6,-1,0,0,0,-1
20190706192069,68,4,24,10,1,2,2,0,0,0,0
20190706192069,59,4,24,10,1,3,3,0,0,0,0
20190706192074,80,4,39,7,0,3,-1,0,0,0,0
20190706192081,76,4,39,4,0,3,-1,0,0,0,0
20190706192097,80,3,33,-1,0,3,-1,0,0,0,-1
20190706192162,74,4,33,3,0,5,-1,0,0,0,0
20190706192170,43,3,49,-1,0,2,-1,0,0,0,-1
20190706192232,85,4,33,10,0,5,-1,60,0,0,0
20190706192241,85,4,43,10,0,4,-1,60,0,0,0
20190706192241,85,4,43,10,0,5,-1,60,0,0,0
20190706192241,85,4,43,5,0,6,-1,60,0,0,0
20190706192241,76,4,43,5,0,7,-1,0,0,0,0
20190706192241,80,4,43,1,0,8,-1,60,0,0,0
20190706192299,78,4,47,5,0,3,-1,0,0,0,0
20190706192308,71,4,20,5,1,2,2,0,0,0,0
20190706192321,85,1,48,-1,0,2,-1,60,0,0,-1
20190706192345,59,4,20,5,1,2,2,0,0,0,0
20190706192356,78,4,20,5,1,2,2,0,0,0,0
20190706192365,85,4,33,7,0,3,-1,60,0,0,0
20190706192366,71,4,20,7,1,2,2,0,0,0,0
20190706192412,48,4,44,2,0,3,-1,0,0,0,0
20190706192412,78,4,44,8,0,4,-1,0,0,0,0
20190707190094,65,4,33,3,0,3,-1,0,0,0,0
20190707190550,85,4,33,2,0,4,-1,60,0,0,0
20190707190658,74,4,20,4,1,2,2,0,0,0,0
20190707190712,85,4,44,3,0,2,-1,0,0,0,0
20190707190826,80,1,28,-1,1,2,2,0,0,0,-1
20190707190892,80,4,24,7,1,5,5,0,0,0,0
20190707191005,80,4,33,3,0,3,-1,60,0,0,0
20190707191156,85,1,49,-1,0,3,-1,60,0,0,-1
20190707191186,58,4,49,35,0,2,-1,0,0,0,0
20190707191186,76,4,44,30,0,3,-1,0,0,0,0
20190707191186,80,1,56,-1,0,4,-1,0,0,0,-1
20190707191213,85,4,39,3,0,4,-1,60,0,0,0
20190707191301,75,4,49,50,0,3,-1,0,0,0,0
20190707191387,76,3,56,-1,0,3,-1,0,0,0,-1
20190707191509,68,4,34,1,0,3,-1,0,0,0,0
20190707191593,70,4,48,3,0,6,-1,0,0,0,0
20190707191777,80,4,39,3,0,4,-1,60,0,0,0
20190707191777,85,4,40,3,0,5,-1,60,0,0,0
20190707191829,66,4,20,3,1,2,2,0,0,0,0
20190707192031,85,4,56,2,0,3,-1,60,0,0,0
20190707192031,85,4,56,2,0,4,-1,60,0,0,0
20190707192066,68,3,37,-1,0,3,-1,0,0,0,-1
20190707192066,73,2,43,-1,0,4,-1,0,0,0,-1
20190707192102,78,3,43,-1,0,3,-1,0,0,0,-1
20190707192102,80,4,20,10,1,2,2,0,0,0,0
20190707192110,85,4,24,2,1,4,4,60,0,0,0
20190707192249,85,2,47,-1,0,3,-1,60,0,0,-1
20190707192318,80,1,34,-1,0,3,-1,60,0,0,-1
20190707192565,72,1,34,-1,0,5,-1,0,0,0,-1
20190707192565,69,1,33,-1,0,6,-1,0,0,0,-1
20190805192051,72,4,20,7,1,2,2,0,0,0,0
20190806190659,80,4,20,4,1,2,2,0,0,0,0
20190806190669,62,4,34,5,0,6,-1,0,0,0,0
20190806190669,67,4,24,2,1,5,5,0,0,0,0
20190806190712,60,4,20,9,1,2,2,0,0,0,0
20190806190712,80,4,26,4,1,4,4,0,0,0,0
20190806190935,80,4,42,3,0,2,-1,60,0,0,0
20190806190953,69,4,34,6,0,6,-1,0,0,0,0
20190806190953,65,4,39,2,0,7,-1,0,0,0,0
20190806190997,79,4,40,2,0,6,-1,0,0,0,0
20190806191269,85,4,47,4,0,5,-1,60,0,0,0
20190806191463,78,4,33,3,0,3,-1,0,0,0,0
20190806191463,70,4,34,3,0,4,-1,0,0,0,0
20190806191532,85,4,33,5,0,5,-1,60,0,0,0
20190806191561,78,4,40,10,0,4,-1,0,0,0,0
20190806191561,80,4,33,10,0,5,-1,60,0,0,0
20190806191758,80,4,26,2,1,2,2,0,0,0,0
20190806191805,69,4,43,8,0,3,-1,0,0,0,0
20190806191805,70,4,43,8,0,4,-1,0,0,0,0
20190806191805,80,4,44,3,0,5,-1,60,0,0,0
20190806191805,85,4,44,3,0,6,-1,60,0,0,0
20190806191832,80,3,48,-1,0,5,-1,60,0,0,-1
20190806191839,70,4,34,2,0,5,-1,0,0,0,0
20190806192295,65,4,33,5,0,5,-1,0,0,0,0
20190806192295,68,4,34,10,0,6,-1,0,0,0,0
20190806192295,85,3,44,-1,0,7,-1,0,0,0,-1
20190806192295,85,1,44,-1,0,8,-1,60,0,0,-1
20190806192386,80,4,43,7,0,2,-1,0,0,0,0
20190807190026,77,1,43,-1,0,7,-1,0,0,0,-1
20190807190039,69,1,49,-1,0,2,-1,0,0,0,-1
20190807190039,72,1,49,-1,0,3,-1,0,0,0,-1
20190807190039,69,1,49,-1,0,4,-1,0,0,0,-1
20190807190039,85,1,49,-1,0,5,-1,60,0,0,-1
20190807190039,75,1,49,-1,0,6,-1,0,0,0,-1
20190807190052,53,4,33,3,0,6,-1,0,0,0,0
20190807190063,74,4,24,10,1,2,2,0,0,0,0
20190807190083,85,4,33,2,0,3,-1,0,0,0,0
20190807190083,85,4,34,2,0,4,-1,60,0,0,0
20190807190506,63,4,33,2,0,5,-1,0,0,0,0
20190807190565,72,4,33,2,0,3,-1,0,0,0,0
20190807190591,62,4,44,2,0,2,-1,42,0,0,0
20190807190608,68,2,33,-1,0,3,-1,0,0,0,-1
20190807190608,76,2,34,-1,0,4,-1,0,0,0,-1
20190807190618,85,4,33,12,0,2,-1,60,0,0,0
20190807190628,85,2,39,-1,0,3,-1,60,0,0,-1
20190807190633,85,4,34,13,0,3,-1,60,0,0,0
20190807190653,80,2,47,-1,0,4,-1,60,0,0,-1
20190807190657,85,4,44,5,0,3,-1,60,0,0,0
20190807190667,63,4,56,1,0,3,-1,42,0,0,0
20190807190667,68,4,56,1,0,4,-1,42,0,0,0
20190807190667,65,4,56,1,0,5,-1,42,0,0,0
20190807190667,77,4,56,1,0,6,-1,42,0,0,0
20190807190667,60,4,56,1,0,7,-1,42,0,0,0
20190807190690,85,1,24,-1,1,2,2,0,0,0,-1
20190807190744,80,4,44,2,0,2,-1,60,0,0,0
20190807190746,80,3,20,-1,1,2,2,0,0,0,-1
20190807190760,85,4,33,4,0,3,-1,0,0,0,0
20190807190760,80,2,40,-1,0,4,-1,60,0,0,-1
20190807190760,80,2,39,-1,0,5,-1,60,0,0,-1
20190807190775,85,4,34,5,0,5,-1,60,0,0,0
20190807190781,72,4,33,5,0,5,-1,0,0,0,0
20190807190781,74,4,34,7,0,6,-1,0,0,0,0
20190807190781,70,4,39,6,0,7,-1,0,0,0,0
20190807190835,85,4,33,6,0,3,-1,60,0,0,0
20190807190862,85,2,47,-1,0,2,-1,60,0,0,-1
20190807190881,85,4,33,4,0,2,-1,0,0,0,0
20190807190909,80,4,44,2,0,3,-1,60,0,0,0
20190807190910,85,1,33,-1,0,2,-1,60,0,0,-1
20190807190929,85,4,39,2,0,3,-1,60,0,0,0
20190807190950,80,1,43,-1,0,4,-1,60,0,0,-1
20190807190950,71,1,43,-1,0,5,-1,0,0,0,-1
20190807190950,67,4,20,19,1,2,2,0,0,0,0
20190807190956,85,4,33,6,0,3,-1,60,0,0,0
20190807190977,72,4,33,15,0,6,-1,0,0,0,0
20190807191003,85,4,33,1,0,2,-1,60,0,0,42
20190807191010,85,2,24,-1,1,2,2,0,0,0,-1
20190807191038,63,4,47,7,0,6,-1,0,0,0,0
20190807191045,85,1,56,-1,0,3,-1,60,0,0,-1
20190807191045,85,1,56,-1,0,4,-1,60,0,0,-1
20190807191047,85,2,44,-1,0,5,-1,60,0,0,-1
20190807191047,85,4,47,7,0,6,-1,60,0,0,0
20190807191074,85,3,33,-1,0,3,-1,60,0,0,-1
20190807191074,80,3,34,-1,0,4,-1,60,0,0,-1
20190807191078,85,4,40,3,0,2,-1,60,0,0,0
20190807191129,85,4,43,2,0,3,-1,0,0,0,0
20190807191129,85,4,43,2,0,4,-1,0,0,0,0
20190807191132,80,4,56,8,0,3,-1,60,0,0,0
20190807191132,72,4,20,10,1,2,2,0,0,0,0
20190807191134,85,3,56,-1,0,2,-1,60,0,0,-1
20190807191194,79,4,49,3,0,2,-1,0,0,0,0
20190807191226,85,4,33,2,0,2,-1,60,0,0,42
20190807191226,80,4,44,3,0,3,-1,0,0,0,0
20190807191226,80,4,44,1,0,4,-1,0,0,0,0
20190807191226,80,1,44,-1,0,5,-1,0,0,0,-1
20190807191253,85,4,40,8,0,2,-1,60,0,0,0
20190807191267,85,3,24,-1,1,2,2,0,0,0,-1
20190807191290,79,2,33,-1,0,2,-1,0,0,0,-1
20190807191347,66,4,47,6,0,6,-1,0,0,0,0
20190807191347,68,4,48,6,0,7,-1,0,0,0,0
20190807191386,65,1,24,-1,1,6,6,0,0,0,-1
20190807191457,85,4,43,3,0,3,-1,0,0,0,0
20190807191457,78,4,43,3,0,4,-1,0,0,0,0
20190807191467,80,4,33,3,0,3,-1,60,0,0,0
20190807191467,80,4,34,3,0,4,-1,60,0,0,0
20190807191490,67,4,33,1,0,5,-1,0,0,0,42
20190807191490,70,3,34,-1,0,6,-1,0,0,0,-1
20190807191491,85,2,56,-1,0,3,-1,60,0,0,-1
20190807191491,85,1,56,-1,0,4,-1,60,0,0,-1
20190807191491,85,1,56,-1,0,5,-1,60,0,0,-1
20190807191521,85,4,44,3,0,2,-1,0,0,0,0
20190807191521,75,4,44,3,0,3,-1,0,0,0,0
20190807191540,78,4,42,2,0,3,-1,0,0,0,0
20190807191545,72,4,34,2,0,4,-1,0,0,0,0
20190807191551,80,4,33,3,0,2,-1,60,0,0,0
20190807191567,85,4,24,9,1,2,2,0,0,0,0
20190807191592,80,2,36,-1,0,2,-1,60,0,0,-1
20190807191645,79,4,34,3,0,3,-1,0,0,0,0
20190807191645,80,4,33,5,0,4,-1,60,0,0,0
20190807191700,85,4,47,5,0,3,-1,60,0,0,0
20190807191748,85,4,33,10,0,2,-1,60,0,0,0
20190807191817,74,4,39,3,0,4,-1,0,0,0,0
20190807191817,75,4,40,3,0,5,-1,0,0,0,0
20190807191839,85,4,47,4,0,5,-1,60,0,0,0
20190807191890,85,4,24,10,1,3,3,0,0,0,0
20190807191907,71,1,38,-1,0,2,-1,0,0,0,-1
20190807191976,74,4,34,3,0,5,-1,0,0,0,0
20190807191990,85,4,25,1,1,2,2,0,42,0,42
20190807192025,80,4,43,3,0,3,-1,60,0,0,0
20190807192025,80,3,43,-1,0,4,-1,0,0,0,-1
20190807192025,80,2,43,-1,0,5,-1,60,0,0,-1
20190807192120,70,4,43,3,0,3,-1,0,0,0,0
20190807192131,54,1,33,-1,0,4,-1,0,0,0,-1
20190807192157,68,4,34,10,0,5,-1,0,0,0,0
20190807192210,75,4,20,3,1,2,2,0,0,0,0
20190807192216,52,2,43,-1,0,3,-1,0,0,0,-1
20190807192216,74,3,49,-1,0,4,-1,0,0,0,-1
20190807192216,80,3,49,-1,0,5,-1,0,0,0,-1
20190807192235,85,4,33,10,0,3,-1,60,0,0,0
20190807192247,66,4,56,15,0,3,-1,42,0,0,0
20190807192247,78,4,56,15,0,4,-1,42,0,0,0
20190807192247,80,4,56,15,0,5,-1,61,0,0,0
20190807192247,85,4,56,15,0,6,-1,61,0,0,0
20190807192247,70,4,56,15,0,7,-1,42,0,0,0
20190807192256,78,3,43,-1,0,3,-1,0,0,0,-1
20190807192259,72,1,44,-1,0,3,-1,0,0,0,-1
20190807192259,69,1,44,-1,0,4,-1,0,0,0,-1
20190807192259,85,4,44,7,0,5,-1,60,0,0,0
20190807192287,55,4,24,5,1,2,2,0,0,0,0
20190807192287,51,4,24,5,1,3,3,0,0,0,0
20190807192301,85,4,43,3,0,2,-1,60,0,0,0
20190807192313,85,4,47,7,0,9,-1,61,0,0,0
20190807192313,80,4,48,7,0,10,-1,60,0,0,0
20190807192360,80,4,20,2,1,2,2,60,0,0,0
20190807192365,85,3,33,-1,0,2,-1,0,0,0,-1
20190807192391,80,1,38,-1,0,2,-1,60,0,0,-1
20190807192433,66,2,37,-1,0,4,-1,0,0,0,-1
20190807192437,76,4,34,2,0,2,-1,0,0,0,0
20190807192517,75,4,33,5,0,3,-1,0,0,0,0
20190807192580,50,1,41,-1,0,5,-1,0,0,0,-1
20190807192580,53,1,42,-1,0,6,-1,0,0,0,-1
20190808190884,49,4,20,11,1,2,2,0,0,0,0
20190808190914,79,4,34,3,0,3,-1,0,0,0,0
20190808190914,70,4,33,2,0,4,-1,0,0,0,0
20190808190914,80,4,39,4,0,5,-1,60,0,0,0
20190808191152,70,1,56,-1,0,6,-1,0,0,0,-1
20190808191152,80,1,56,-1,0,7,-1,0,0,0,-1
20190808191395,80,4,33,6,0,2,-1,60,0,0,0
20190808191482,60,4,44,5,0,2,-1,0,0,0,0
20190808191633,85,4,24,9,1,4,4,0,0,0,0
20190808191707,62,4,35,8,0,3,-1,0,0,0,0
20190808191791,85,1,33,-1,0,3,-1,60,0,0,-1
20190808192419,77,4,38,10,0,3,-1,0,0,0,0
20190808192478,76,4,48,8,0,7,-1,0,0,0,0
20190907190522,80,4,24,12,1,3,3,60,0,0,0
20190907190640,85,4,47,1,0,5,-1,60,0,0,0
20190907190958,56,2,43,-1,0,3,-1,0,0,0,-1
20190907190958,63,4,43,2,0,4,-1,0,0,0,0
20190907190958,71,2,43,-1,0,5,-1,0,0,0,-1
20190907191009,65,4,41,2,0,3,-1,0,0,0,0
20190907191090,85,1,33,-1,0,4,-1,0,0,0,-1
20190907191117,67,1,33,-1,0,2,-1,0,0,0,-1
20190907191405,85,4,33,2,0,3,-1,60,0,0,0
20190907191679,85,3,39,-1,0,3,-1,60,0,0,-1
20190907191758,79,4,38,1,0,2,-1,0,0,0,0
20190907192024,45,4,20,25,1,2,2,0,0,0,0
20190907192037,79,1,49,-1,0,3,-1,0,0,0,-1
20190907192037,85,1,49,-1,0,4,-1,0,0,0,-1
20190907192037,79,1,49,-1,0,5,-1,0,0,0,-1
20190907192327,85,1,33,-1,0,3,-1,60,0,0,-1
20190907192378,85,4,56,4,0,3,-1,0,0,0,0
20190907192407,80,4,33,3,0,2,-1,60,0,0,0
20190908190102,80,1,43,-1,0,2,-1,60,0,0,-1
20190908190124,73,4,33,5,0,5,-1,0,0,0,0
20190908190124,74,3,56,-1,0,6,-1,0,0,0,-1
20190908190124,40,4,49,8,0,7,-1,0,0,0,0
20190908190503,78,1,48,-1,0,5,-1,0,0,0,-1
20190908190505,74,1,43,-1,0,5,-1,0,0,0,-1
20190908190534,80,4,39,3,0,4,-1,0,0,0,0
20190908190557,80,4,43,3,0,2,-1,0,0,0,0
20190908190597,85,4,24,1,1,2,2,60,0,0,0
20190908190616,64,4,39,2,0,5,-1,0,0,0,0
20190908190616,73,4,40,2,0,6,-1,0,0,0,0
20190908190616,80,1,47,-1,0,7,-1,60,0,0,-1
20190908190624,85,2,44,-1,0,2,-1,60,0,0,-1
20190908190624,80,2,44,-1,0,3,-1,60,0,0,-1
20190908190624,73,2,44,-1,0,4,-1,42,0,0,-1
20190908190624,85,2,44,-1,0,5,-1,61,0,0,-1
20190908190624,85,2,44,-1,0,6,-1,61,0,0,-1
20190908190687,74,4,39,2,0,4,-1,0,0,0,0
20190908190687,74,4,33,10,0,5,-1,0,0,0,0
20190908190738,85,4,33,5,0,2,-1,60,0,0,0
20190908190738,85,4,34,5,0,3,-1,60,0,0,0
20190908190768,80,4,20,8,1,2,2,0,0,0,0
20190908190787,65,2,43,-1,0,3,-1,0,0,0,-1
20190908190819,85,4,39,3,0,3,-1,60,0,0,0
20190908190828,80,4,33,2,0,6,-1,0,0,0,0
20190908190845,80,4,24,5,1,2,2,0,0,0,0
20190908190845,80,4,24,5,1,3,3,0,0,0,0
20190908190906,85,4,43,2,0,3,-1,60,0,0,0
20190908190921,85,4,43,2,0,2,-1,60,0,0,0
20190908190921,75,1,43,-1,0,3,-1,0,0,0,-1
20190908190932,62,4,33,13,0,5,-1,0,0,0,0
20190908190932,62,4,34,13,0,6,-1,0,0,0,0
20190908190949,85,1,44,-1,0,2,-1,0,0,0,-1
20190908190949,78,1,44,-1,0,3,-1,0,0,0,-1
20190908190949,80,4,47,5,0,4,-1,60,0,0,0
20190908190949,80,4,48,5,0,5,-1,60,0,0,0
20190908190994,68,2,33,-1,0,5,-1,0,0,0,-1
20190908191040,85,4,33,8,0,4,-1,60,0,0,0
20190908191087,85,3,33,-1,0,3,-1,60,0,0,-1
20190908191096,85,4,34,2,0,6,-1,60,0,0,0
20190908191115,80,4,43,5,0,2,-1,60,0,0,0
20190908191115,80,4,43,2,0,3,-1,0,0,0,0
20190908191115,77,4,43,2,0,4,-1,0,0,0,0
20190908191181,85,3,33,-1,0,3,-1,60,0,0,-1
20190908191183,80,4,33,2,0,2,-1,60,0,0,0
20190908191206,74,1,33,-1,0,6,-1,0,0,0,-1
20190908191206,75,1,34,-1,0,7,-1,0,0,0,-1
20190908191226,85,4,44,2,0,2,-1,61,0,0,0
20190908191226,74,4,44,2,0,3,-1,0,0,0,0
20190908191226,85,4,44,2,0,4,-1,60,0,0,0
20190908191230,85,4,33,10,0,2,-1,0,0,0,0
20190908191230,77,4,39,12,0,3,-1,0,0,0,0
20190908191230,85,4,40,12,0,4,-1,60,0,0,0
20190908191230,72,3,44,-1,0,5,-1,0,0,0,-1
20190908191232,85,4,33,5,0,3,-1,0,0,0,0
20190908191232,85,4,34,5,0,4,-1,60,0,0,0
20190908191232,85,4,40,5,0,5,-1,60,0,0,0
20190908191297,80,4,39,3,0,7,-1,60,0,0,0
20190908191321,79,2,33,-1,0,5,-1,0,0,0,-1
20190908191321,80,4,40,2,0,6,-1,60,0,0,0
20190908191334,73,4,33,8,0,4,-1,0,0,0,0
20190908191402,61,1,44,-1,0,3,-1,0,0,0,-1
20190908191409,80,4,47,10,0,3,-1,60,0,0,0
20190908191421,76,4,33,3,0,5,-1,0,0,0,0
20190908191460,85,4,48,20,0,3,-1,60,0,0,0
20190908191461,85,4,34,5,0,2,-1,60,0,0,0
20190908191500,74,2,24,-1,1,2,2,0,0,0,-1
20190908191507,85,3,33,-1,0,2,-1,60,0,0,-1
20190908191507,85,3,34,-1,0,3,-1,60,0,0,-1
20190908191508,74,3,33,-1,0,5,-1,0,0,0,-1
20190908191508,78,3,34,-1,0,6,-1,0,0,0,-1
20190908191532,68,2,43,-1,0,3,-1,0,0,0,-1
20190908191581,70,4,24,4,1,2,2,0,0,0,0
20190908191582,78,4,43,2,0,2,-1,0,0,0,0
20190908191594,70,3,33,-1,0,2,-1,0,42,0,-1
20190908191594,70,3,34,-1,0,3,-1,0,42,0,-1
20190908191595,80,1,40,-1,0,4,-1,61,0,0,-1
20190908191599,85,1,42,-1,0,2,-1,0,0,0,-1
20190908191614,85,4,44,2,0,2,-1,60,0,0,0
20190908191614,76,3,43,-1,0,3,-1,0,0,0,-1
20190908191697,77,4,20,6,1,2,2,0,0,0,0
20190908191735,71,1,33,-1,0,6,-1,0,0,0,-1
20190908191771,85,4,33,10,0,2,-1,60,0,0,0
20190908191771,85,4,34,10,0,3,-1,60,0,0,0
20190908191796,80,4,24,2,1,3,3,0,0,0,0
20190908191797,85,4,44,10,0,3,-1,60,0,0,0
20190908191797,85,4,44,10,0,4,-1,60,0,0,0
20190908191797,69,1,20,-1,1,2,2,0,0,0,-1
20190908191813,85,4,39,3,0,3,-1,60,0,0,0
20190908191845,85,4,47,5,0,4,-1,60,0,0,0
20190908191860,85,4,34,3,0,4,-1,60,0,0,0
20190908191881,85,4,33,5,0,3,-1,60,0,0,0
20190908191895,85,3,24,-1,1,2,2,0,0,0,-1
20190908191903,67,4,21,6,1,2,2,0,0,0,0
20190908191955,71,1,38,-1,0,2,-1,0,0,0,-1
20190908191955,70,4,49,4,0,3,-1,0,0,0,0
20190908191986,85,1,33,-1,0,3,-1,0,0,0,-1
20190908191986,85,1,34,-1,0,4,-1,60,0,0,-1
20190908192003,76,4,33,2,0,2,-1,0,0,0,0
20190908192058,80,4,49,5,0,4,-1,60,0,0,0
20190908192070,85,3,44,-1,0,4,-1,60,0,0,-1
20190908192088,80,4,38,2,0,2,-1,60,0,0,0
20190908192106,85,1,47,-1,0,5,-1,60,0,0,-1
20190908192161,72,4,37,7,0,2,-1,0,0,0,0
20190908192184,71,3,34,-1,0,7,-1,0,0,0,-1
20190908192189,80,4,20,2,1,2,2,0,42,0,42
20190908192200,85,4,56,4,0,3,-1,60,0,0,0
20190908192240,70,4,47,2,0,5,-1,0,0,0,0
20190908192241,74,4,20,15,1,2,2,0,0,0,0
20190908192266,80,1,43,-1,0,2,-1,60,0,0,-1
20190908192271,80,4,33,3,0,2,-1,60,0,0,0
20190908192284,80,4,39,1,0,4,-1,60,0,0,0
20190908192294,65,4,38,2,0,4,-1,0,0,0,0
20190908192393,70,2,33,-1,0,5,-1,0,0,0,-1
20190908192393,74,2,34,-1,0,6,-1,0,0,0,-1
20190908192399,80,2,34,-1,0,4,-1,60,0,0,-1
20190908192399,80,4,33,2,0,5,-1,60,0,0,0
20190908192405,67,3,20,-1,1,2,2,0,0,0,-1
20190908192432,80,4,33,2,0,2,-1,0,0,0,0
20190908192464,56,4,49,10,0,5,-1,0,0,0,0
20190908192465,80,4,33,9,0,3,-1,60,0,0,0
20190908192480,72,4,33,3,0,5,-1,0,0,0,0
20190908192519,71,2,33,-1,0,3,-1,0,0,0,-1
20190908192519,78,2,34,-1,0,4,-1,0,0,0,-1
20190908192523,80,4,43,8,0,4,-1,60,0,0,0
20190909190038,85,4,24,2,1,5,5,60,0,0,0
20190909190038,80,4,24,2,1,6,6,60,0,0,0
20190909190077,85,1,43,-1,0,5,-1,0,0,0,-1
20190909190572,85,4,33,4,0,3,-1,60,0,0,0
20190909190572,80,2,43,-1,0,4,-1,60,0,0,-1
20190909190597,63,4,56,5,0,3,-1,42,0,0,0
20190909190597,77,4,56,5,0,4,-1,42,0,0,0
20190909190641,85,4,33,9,0,2,-1,60,0,0,0
20190909190641,85,1,34,-1,0,3,-1,60,0,0,-1
20190909190686,80,4,33,15,0,2,-1,60,0,0,0
20190909190759,85,4,44,5,0,2,-1,60,0,0,0
20190909190836,77,4,20,4,1,2,2,0,0,0,0
20190909190842,85,3,40,-1,0,6,-1,0,0,0,-1
20190909190842,80,3,39,-1,0,7,-1,60,0,0,-1
20190909190868,85,4,44,4,0,3,-1,60,0,0,0
20190909190868,85,4,43,3,0,4,-1,60,0,0,0
20190909190868,80,4,43,3,0,5,-1,60,0,0,0
20190909190868,85,4,43,3,0,6,-1,60,0,0,0
20190909190868,80,4,43,3,0,7,-1,60,0,0,0
20190909190930,69,4,20,6,1,2,2,0,0,0,0
20190909191023,85,4,34,10,0,4,-1,60,0,0,0
20190909191023,80,4,39,4,0,5,-1,60,0,0,0
20190909191071,76,4,49,3,0,5,-1,0,0,0,0
20190909191099,67,2,33,-1,0,3,-1,0,42,0,-1
20190909191273,85,2,44,-1,0,2,-1,60,0,0,-1
20190909191297,65,1,43,-1,0,2,-1,0,0,0,-1
20190909191357,52,4,34,2,0,6,-1,0,0,0,0
20190909191384,69,2,33,-1,0,6,-1,0,0,0,-1
20190909191436,80,4,33,13,0,3,-1,60,0,0,0
20190909191751,70,4,33,10,0,4,-1,0,0,0,0
20190909191751,80,4,34,10,0,5,-1,0,0,0,0
20190909191778,85,4,47,18,0,5,-1,60,0,0,0
20190909191778,85,4,48,18,0,6,-1,60,0,0,0
20190909191849,79,4,39,8,0,4,-1,0,0,0,0
20190909191872,74,1,20,-1,1,2,2,0,0,0,-1
20190909191931,65,2,40,-1,0,4,-1,0,0,0,-1
20190909192000,60,1,44,-1,0,2,-1,0,0,0,-1
20190909192000,45,1,44,-1,0,3,-1,0,0,0,-1
20190909192000,50,1,44,-1,0,4,-1,0,0,0,-1
20190909192017,70,4,41,2,0,3,-1,0,0,0,0
20190909192087,78,4,49,5,0,2,-1,0,0,0,0
20190909192116,52,4,22,52,1,2,2,0,0,0,0
20190909192126,63,3,43,-1,0,3,-1,0,0,0,-1
20190909192176,85,4,24,5,1,2,2,0,0,0,0
20190909192195,85,4,34,5,0,3,-1,60,0,0,0
20190909192346,85,4,33,12,0,2,-1,60,0,0,0
20190909192346,85,4,34,4,0,3,-1,60,0,0,0
20191007191737,85,4,40,5,0,6,-1,60,0,0,0
20191007191918,74,2,33,-1,0,4,-1,0,0,0,-1
20191008190511,76,1,44,-1,0,2,-1,42,0,0,-1
20191008191034,68,4,37,25,0,4,-1,0,0,0,0
20191008191050,71,4,24,5,1,2,2,0,0,0,0
20191008191083,80,4,39,4,0,3,-1,60,0,0,0
20191008191099,73,4,33,7,0,5,-1,0,0,0,0
20191008191099,39,4,38,3,0,6,-1,0,0,0,0
20191008191099,49,4,37,3,0,7,-1,0,0,0,0
20191008191099,58,4,41,2,0,8,-1,0,0,0,0
20191008191099,85,4,48,6,0,9,-1,60,0,0,0
20191008191143,85,1,34,-1,0,3,-1,60,0,0,-1
20191008191238,85,4,34,10,0,3,-1,60,0,0,0
20191008191238,56,1,44,-1,0,4,-1,0,0,0,-1
20191008191344,80,4,47,5,0,5,-1,60,0,0,0
20191008191349,85,1,34,-1,0,2,-1,0,0,0,-1
20191008191416,58,4,24,2,1,2,2,0,42,0,42
20191008191516,85,4,44,6,0,4,-1,60,0,0,0
20191008191516,85,4,44,6,0,5,-1,60,0,0,0
20191008191554,85,3,49,-1,0,4,-1,60,0,0,-1
20191008191626,68,2,30,-1,1,3,3,0,0,0,-1
20191008191690,85,2,47,-1,0,4,-1,60,0,0,-1
20191008191755,71,4,33,2,0,4,-1,0,0,0,0
20191008191784,79,1,38,-1,0,2,-1,0,0,0,-1
20191008192091,78,3,44,-1,0,3,-1,0,0,0,-1
20191008192115,64,4,56,2,0,4,-1,0,0,0,0
20191008192315,80,2,43,-1,0,2,-1,0,0,0,-1
20191008192315,60,3,43,-1,0,3,-1,0,0,0,-1
20191008192317,85,3,43,-1,0,2,-1,60,0,0,-1
20191008192317,71,2,43,-1,0,3,-1,0,0,0,-1
20191008192417,80,4,39,2,0,3,-1,60,0,0,0
20191008192417,80,4,40,2,0,4,-1,60,0,0,0
20191008192482,85,4,39,10,0,3,-1,60,0,0,0
20191009190081,73,2,24,-1,1,2,2,0,0,0,-1
20191009190081,66,2,24,-1,1,3,3,0,0,0,-1
20191009190095,68,1,33,-1,0,7,-1,0,0,0,-1
20191009190097,80,1,43,-1,0,2,-1,60,0,0,-1
20191009190108,80,1,56,-1,0,3,-1,60,0,0,-1
20191009190108,79,1,56,-1,0,4,-1,0,0,0,-1
20191009190108,76,1,56,-1,0,5,-1,0,0,0,-1
20191009190552,80,1,43,-1,0,5,-1,0,0,0,-1
20191009190560,65,4,43,2,0,2,-1,0,0,0,0
20191009190583,77,4,20,3,1,2,2,0,0,0,0
20191009190591,79,3,44,-1,0,2,-1,0,0,0,-1
20191009190600,80,4,33,3,0,4,-1,0,0,0,0
20191009190635,72,4,37,7,0,3,-1,0,0,0,0
20191009190635,47,4,49,19,0,4,-1,0,0,0,0
20191009190697,85,4,33,5,0,2,-1,60,0,0,0
20191009190779,75,1,33,-1,0,2,-1,0,0,0,-1
20191009190789,85,1,33,-1,0,3,-1,60,0,0,-1
20191009190859,66,1,34,-1,0,5,-1,0,0,0,-1
20191009190859,85,4,47,20,0,6,-1,60,0,0,0
20191009190894,85,4,33,5,0,2,-1,60,0,0,0
20191009190905,56,1,43,-1,0,2,-1,0,0,0,-1
20191009190908,77,1,37,-1,0,2,-1,0,0,0,-1
20191009190924,79,4,47,3,0,2,-1,0,0,0,0
20191009190937,76,4,48,7,0,6,-1,0,0,0,0
20191009190980,78,3,44,-1,0,4,-1,0,0,0,-1
20191009191038,85,3,56,-1,0,3,-1,60,0,0,-1
20191009191125,77,4,38,5,0,3,-1,0,0,0,0
20191009191128,76,1,39,-1,0,6,-1,0,0,0,-1
20191009191128,85,1,40,-1,0,7,-1,60,0,0,-1
20191009191128,57,1,49,-1,0,8,-1,0,0,0,-1
20191009191162,85,4,47,10,0,4,-1,60,0,0,0
20191009191163,54,4,33,1,0,4,-1,0,0,0,0
20191009191209,85,1,34,-1,0,7,-1,0,0,0,-1
20191009191209,79,1,33,-1,0,8,-1,0,0,0,-1
20191009191210,80,1,38,-1,0,2,-1,0,0,0,-1
20191009191225,85,2,33,-1,0,2,-1,60,0,0,-1
20191009191225,85,2,34,-1,0,3,-1,60,0,0,-1
20191009191232,70,1,35,-1,0,2,-1,0,0,0,-1
20191009191241,73,1,48,-1,0,4,-1,0,0,0,-1
20191009191264,85,4,33,2,0,2,-1,60,0,0,0
20191009191264,85,1,56,-1,0,3,-1,60,0,0,-1
20191009191272,85,4,37,2,0,2,-1,0,0,0,0
20191009191312,68,4,35,3,0,2,-1,0,0,0,0
20191009191348,77,1,44,-1,0,2,-1,42,0,0,-1
20191009191367,77,4,33,10,0,6,-1,0,0,0,0
20191009191374,78,4,48,3,0,5,-1,0,0,0,0
20191009191379,80,4,41,15,0,2,-1,60,0,0,0
20191009191410,66,3,44,-1,0,2,-1,42,0,0,-1
20191009191411,50,4,49,3,0,3,-1,0,0,0,0
20191009191437,80,4,24,16,1,5,5,0,0,0,0
20191009191438,85,3,41,-1,0,4,-1,60,0,0,-1
20191009191438,85,4,41,2,0,5,-1,60,0,0,0
20191009191444,85,4,56,6,0,3,-1,60,0,0,0
20191009191472,85,4,33,15,0,5,-1,60,0,0,0
20191009191472,52,4,56,5,0,6,-1,0,0,0,0
20191009191498,68,3,43,-1,0,2,-1,0,0,0,-1
20191009191575,75,4,41,2,0,2,-1,0,0,0,0
20191009191575,78,3,33,-1,0,3,-1,0,0,0,-1
20191009191585,80,4,47,10,0,7,-1,60,0,0,0
20191009191585,80,4,48,10,0,8,-1,60,0,0,0
20191009191618,85,3,47,-1,0,7,-1,60,0,0,-1
20191009191618,80,3,44,-1,0,8,-1,0,0,0,-1
20191009191678,70,4,44,7,0,5,-1,0,0,0,0
20191009191678,80,3,43,-1,0,6,-1,0,0,0,-1
20191009191678,63,4,26,6,1,4,4,0,0,0,0
20191009191727,85,4,47,5,0,3,-1,60,0,0,0
20191009191777,80,4,47,4,0,4,-1,0,0,0,0
20191009191777,80,4,48,4,0,5,-1,60,0,0,0
20191009191796,75,3,41,-1,0,6,-1,0,0,0,-1
20191009191796,80,4,48,2,0,7,-1,60,0,0,0
20191009191809,85,4,33,10,0,3,-1,60,0,0,0
20191009191842,62,1,34,-1,0,7,-1,0,0,0,-1
20191009191842,61,4,33,5,0,8,-1,0,0,0,0
20191009191856,73,3,37,-1,0,3,-1,0,0,0,-1
20191009191856,76,1,49,-1,0,4,-1,0,0,0,-1
20191009191857,80,4,47,7,0,10,-1,60,0,0,0
20191009191860,85,1,33,-1,0,7,-1,60,0,0,-1
20191009191918,85,4,43,2,0,2,-1,60,0,0,0
20191009191918,75,4,43,4,0,3,-1,0,0,0,0
20191009191951,61,4,20,15,1,2,2,0,0,0,0
20191009191978,85,4,39,36,0,3,-1,60,0,0,0
20191009191978,63,1,37,-1,0,4,-1,0,0,0,-1
20191009191978,72,4,38,10,0,5,-1,0,0,0,0
20191009191989,75,1,40,-1,0,4,-1,0,0,0,-1
20191009192005,63,1,43,-1,0,2,-1,0,0,0,-1
20191009192015,85,4,41,5,0,3,-1,60,0,0,0
20191009192015,80,2,56,-1,0,4,-1,61,0,0,-1
20191009192038,53,1,38,-1,0,6,-1,0,0,0,-1
20191009192045,60,1,49,-1,0,3,-1,0,0,0,-1
20191009192060,75,4,41,29,0,2,-1,0,0,0,0
20191009192084,85,4,33,7,0,2,-1,60,0,0,0
20191009192111,76,1,43,-1,0,4,-1,0,0,0,-1
20191009192113,85,3,33,-1,0,5,-1,60,0,0,-1
20191009192154,85,4,33,2,0,3,-1,60,0,0,0
20191009192174,80,2,56,-1,0,3,-1,60,0,0,-1
20191009192225,85,1,33,-1,0,3,-1,60,0,0,-1
20191009192243,80,1,39,-1,0,5,-1,60,0,0,-1
20191009192243,80,1,40,-1,0,6,-1,60,0,0,-1
20191009192243,80,1,33,-1,0,7,-1,60,0,0,-1
20191009192246,85,1,43,-1,0,3,-1,60,0,0,-1
20191009192246,77,2,43,-1,0,4,-1,0,0,0,-1
20191009192280,85,4,34,4,0,5,-1,60,0,0,0
20191009192281,80,4,33,2,0,2,-1,60,0,0,42
20191009192281,85,4,34,2,0,3,-1,60,0,0,42
20191009192294,64,1,33,-1,0,7,-1,0,0,0,-1
20191009192294,65,1,39,-1,0,8,-1,0,0,0,-1
20191009192294,67,1,40,-1,0,9,-1,0,0,0,-1
20191009192294,80,1,47,-1,0,10,-1,60,0,0,-1
20191009192320,85,3,39,-1,0,3,-1,60,0,0,-1
20191009192320,80,4,41,4,0,4,-1,60,0,0,0
20191009192320,79,4,42,4,0,5,-1,0,0,0,0
20191009192326,80,4,44,3,0,3,-1,60,0,0,0
20191009192326,80,3,39,-1,0,4,-1,60,0,0,-1
20191009192332,85,4,43,5,0,2,-1,0,0,0,0
20191009192342,80,4,47,2,0,5,-1,60,0,0,0
20191009192386,58,4,44,2,0,4,-1,0,0,0,0
20191009192386,68,4,43,7,0,5,-1,0,0,0,0
20191009192386,65,4,43,3,0,6,-1,0,0,0,0
20191009192400,75,3,20,-1,1,2,2,0,0,0,-1
20191009192461,85,1,47,-1,0,4,-1,60,0,0,-1
20191009192461,47,1,24,-1,1,2,2,0,0,0,-1
20191009192476,80,1,43,-1,0,2,-1,60,0,0,-1
20191009192476,85,4,43,4,0,3,-1,60,0,0,0
20191009192476,85,4,43,8,0,4,-1,60,0,0,0
20191009192481,85,4,20,5,1,2,2,0,0,0,0
20191009192484,85,4,34,12,0,3,-1,60,0,0,0
20191009192486,80,4,33,5,0,3,-1,60,0,0,0
20191009192486,80,4,34,5,0,4,-1,60,0,0,0
20191009192508,73,4,20,6,1,2,2,0,0,0,0
20191010190048,51,4,34,5,0,3,-1,0,0,0,0
20191010190534,80,4,33,10,0,3,-1,60,0,0,0
20191010190737,71,4,20,10,1,2,2,0,0,0,0
20191010190806,85,3,34,-1,0,4,-1,60,0,0,-1
20191010190955,80,1,39,-1,0,3,-1,60,0,0,-1
20191010191073,85,1,44,-1,0,2,-1,60,0,0,-1
20191010191551,80,3,34,-1,0,3,-1,60,0,0,-1
20191010191561,73,4,47,3,0,4,-1,0,0,0,0
20191010191561,77,4,48,3,0,5,-1,0,0,0,0
20191010191688,80,4,33,5,0,3,-1,60,0,0,0
20191010191700,85,4,39,2,0,3,-1,60,0,0,0
20191010191757,85,4,33,2,0,4,-1,60,0,0,0
20191010191757,85,1,34,-1,0,5,-1,60,0,0,-1
20191010191852,85,4,34,10,0,3,-1,60,0,0,0
20191010191852,85,4,40,10,0,4,-1,60,0,0,0
20191010191873,85,1,33,-1,0,4,-1,0,0,0,-1
20191010191903,63,4,20,4,1,2,2,0,0,0,0
20191010192086,57,4,20,2,1,2,2,0,0,0,0
20191010192253,85,4,43,2,0,3,-1,60,0,0,0
20191010192253,85,2,43,-1,0,4,-1,60,0,0,-1
20191010192256,80,1,56,-1,0,2,-1,60,0,0,-1
20191109190570,53,4,25,8,1,2,2,0,0,0,0
20191109190623,78,4,33,3,0,2,-1,0,0,0,0
20191109190630,80,4,44,4,0,5,-1,60,0,0,0
20191109190902,85,4,56,15,0,2,-1,60,0,0,0
20191109190902,85,4,56,10,0,3,-1,60,0,0,0
20191109190968,85,4,34,3,0,4,-1,60,0,0,0
20191109191005,79,4,39,2,0,6,-1,0,0,0,0
20191109191049,76,4,43,2,0,6,-1,0,0,0,0
20191109191151,73,4,43,2,0,3,-1,0,0,0,0
20191109191228,80,4,33,2,0,3,-1,60,0,0,0
20191109191228,80,4,34,2,0,4,-1,60,0,0,0
20191109191323,74,4,56,10,0,4,-1,0,0,0,0
20191109191434,85,4,39,15,0,2,-1,60,0,0,0
20191109191440,75,1,33,-1,0,3,-1,0,0,0,-1
20191109191457,85,4,47,6,0,5,-1,0,0,0,0
20191109191457,85,4,48,6,0,6,-1,60,0,0,0
20191109191735,85,1,47,-1,0,3,-1,61,0,0,-1
20191109191741,85,4,41,19,0,3,-1,60,0,0,0
20191109191821,80,1,33,-1,0,3,-1,60,0,0,-1
20191109191899,72,2,33,-1,0,3,-1,0,0,0,-1
20191109191927,65,1,56,-1,0,2,-1,0,0,0,-1
20191109192145,85,4,44,10,0,3,-1,0,0,0,0
20191109192253,65,4,39,7,0,3,-1,0,0,0,0
20191109192331,75,1,33,-1,0,2,-1,0,0,0,-1
20191109192406,80,4,33,30,0,4,-1,60,0,0,0
20191109192456,68,4,33,4,0,5,-1,0,0,0,0
20191109192456,76,4,34,4,0,6,-1,0,0,0,0
20191110190023,73,4,39,5,0,4,-1,0,0,0,0
20191110190023,76,4,40,5,0,5,-1,0,0,0,0
20191110190071,80,4,47,3,0,7,-1,0,0,0,0
20191110190071,80,4,26,2,1,3,3,0,0,0,0
20191110190135,85,4,24,7,1,2,2,0,0,0,0
20191110190162,60,4,56,2,0,4,-1,0,0,0,0
20191110190536,75,4,20,2,1,2,2,0,0,0,0
20191110190540,85,4,35,5,0,3,-1,60,0,0,0
20191110190577,85,4,33,3,0,3,-1,60,0,0,0
20191110190577,85,4,44,3,0,4,-1,60,0,0,0
20191110190577,80,4,44,1,0,5,-1,60,0,0,0
20191110190600,74,4,44,15,0,2,-1,0,0,0,0
20191110190603,62,1,34,-1,0,2,-1,0,0,0,-1
20191110190615,80,4,34,4,0,2,-1,60,0,0,0
20191110190616,85,4,33,2,0,2,-1,60,0,0,0
20191110190616,66,3,37,-1,0,3,-1,0,0,0,-1
20191110190622,80,2,56,-1,0,7,-1,0,0,0,-1
20191110190647,71,2,34,-1,0,5,-1,0,0,0,-1
20191110190654,79,4,33,15,0,2,-1,0,0,0,0
20191110190663,56,1,33,-1,0,7,-1,0,0,0,-1
20191110190692,62,3,24,-1,1,2,2,0,0,0,-1
20191110190727,85,4,41,5,0,6,-1,60,0,0,0
20191110190727,72,3,34,-1,0,7,-1,0,0,0,-1
20191110190728,73,3,47,-1,0,3,-1,0,0,0,-1
20191110190730,71,1,39,-1,0,4,-1,0,0,0,-1
20191110190730,80,4,43,2,0,5,-1,60,0,0,0
20191110190730,68,2,43,-1,0,6,-1,0,0,0,-1
20191110190764,85,4,39,4,0,3,-1,60,0,0,0
20191110190824,85,4,41,10,0,2,-1,60,0,0,0
20191110190828,85,4,33,2,0,2,-1,60,0,0,0
20191110190841,85,4,33,10,0,3,-1,60,0,0,0
20191110190844,85,4,33,6,0,2,-1,60,0,0,0
20191110190853,85,4,33,5,0,3,-1,60,0,0,0
20191110190898,85,4,34,2,0,2,-1,60,0,0,0
20191110190899,85,4,43,2,0,3,-1,61,42,0,42
20191110190899,72,1,43,-1,0,4,-1,42,42,0,-1
20191110190901,85,1,56,-1,0,2,-1,0,0,0,-1
20191110190949,75,4,33,3,0,3,-1,0,0,0,0
20191110190969,60,2,44,-1,0,6,-1,0,0,0,-1
20191110190969,60,3,34,-1,0,7,-1,0,0,0,-1
20191110190988,85,4,20,2,1,2,2,0,0,0,0
20191110191036,80,3,33,-1,0,4,-1,60,0,0,-1
20191110191036,80,3,34,-1,0,5,-1,60,0,0,-1
20191110191058,80,1,44,-1,0,3,-1,61,0,0,-1
20191110191058,76,1,44,-1,0,4,-1,43,0,0,-1
20191110191058,74,1,44,-1,0,5,-1,43,0,0,-1
20191110191058,80,1,44,-1,0,6,-1,61,0,0,-1
20191110191089,55,1,33,-1,0,5,-1,0,0,0,-1
20191110191092,80,4,33,4,0,3,-1,60,0,0,0
20191110191092,85,4,34,2,0,4,-1,60,0,0,0
20191110191116,69,4,42,2,0,5,-1,0,0,0,0
20191110191159,85,3,48,-1,0,5,-1,60,0,0,-1
20191110191180,75,3,38,-1,0,3,-1,0,0,0,-1
20191110191180,72,4,38,8,0,4,-1,0,0,0,0
20191110191180,59,1,38,-1,0,5,-1,0,0,0,-1
20191110191193,85,4,40,2,0,3,-1,0,0,0,0
20191110191223,67,1,44,-1,0,2,-1,0,0,0,-1
20191110191223,70,4,44,2,0,3,-1,0,0,0,42
20191110191223,80,4,43,2,0,4,-1,60,42,0,42
20191110191224,85,4,33,2,0,3,-1,60,0,0,0
20191110191241,78,4,34,3,0,2,-1,0,0,0,0
20191110191271,85,4,39,5,0,3,-1,60,0,0,0
20191110191298,74,2,37,-1,0,3,-1,0,0,0,-1
20191110191300,85,1,34,-1,0,4,-1,60,0,0,-1
20191110191355,85,4,43,2,0,2,-1,60,0,0,0
20191110191394,80,2,43,-1,0,2,-1,0,0,0,-1
20191110191396,85,1,33,-1,0,3,-1,60,0,0,-1
20191110191403,85,4,33,5,0,3,-1,60,0,0,0
20191110191441,85,2,34,-1,0,3,-1,60,0,0,-1
20191110191442,80,2,33,-1,0,2,-1,0,0,0,-1
20191110191447,78,4,33,10,0,4,-1,0,0,0,0
20191110191457,78,4,24,7,1,5,5,0,0,0,0
20191110191457,80,3,24,-1,1,6,6,60,0,0,-1
20191110191459,80,1,49,-1,0,7,-1,60,0,0,-1
20191110191515,68,1,38,-1,0,3,-1,0,0,0,-1
20191110191536,85,3,33,-1,0,3,-1,60,0,0,-1
20191110191623,77,4,43,15,0,3,-1,0,0,0,0
20191110191645,85,4,44,14,0,3,-1,60,0,0,0
20191110191657,80,1,33,-1,0,2,-1,0,0,0,-1
20191110191657,80,1,34,-1,0,3,-1,0,0,0,-1
20191110191670,78,4,44,5,0,4,-1,0,0,0,0
20191110191670,85,3,56,-1,0,5,-1,60,0,0,-1
20191110191676,85,4,33,2,0,5,-1,0,0,0,0
20191110191676,72,3,39,-1,0,6,-1,0,0,0,-1
20191110191676,79,3,40,-1,0,7,-1,0,0,0,-1
20191110191728,80,2,43,-1,0,4,-1,60,0,0,-1
20191110191734,79,4,47,10,0,2,-1,0,0,0,0
20191110191737,85,4,34,3,0,3,-1,60,0,0,0
20191110191737,85,4,39,5,0,4,-1,60,0,0,0
20191110191741,65,4,34,3,0,6,-1,0,0,0,0
20191110191778,68,1,40,-1,0,8,-1,0,0,0,-1
20191110191782,76,4,33,4,0,2,-1,0,0,0,0
20191110191793,79,4,33,10,0,2,-1,0,0,0,0
20191110191793,80,4,41,5,0,3,-1,0,0,0,0
20191110191793,76,4,42,5,0,4,-1,0,0,0,0
20191110191799,80,4,33,2,0,2,-1,60,0,0,0
20191110191799,85,4,34,2,0,3,-1,0,0,0,0
20191110191844,80,4,33,2,0,3,-1,0,0,0,0
20191110191874,70,1,43,-1,0,4,-1,0,0,0,-1
20191110191874,66,1,43,-1,0,5,-1,0,0,0,-1
20191110191883,78,1,47,-1,0,4,-1,0,0,0,-1
20191110191883,80,1,48,-1,0,5,-1,60,0,0,-1
20191110191885,56,4,44,1,0,2,-1,0,0,0,0
20191110191896,85,4,24,4,1,2,2,0,0,0,0
20191110191909,76,4,39,5,0,4,-1,0,0,0,0
20191110191915,66,4,34,2,0,5,-1,0,0,0,0
20191110191915,69,3,56,-1,0,6,-1,0,0,0,-1
20191110191943,72,4,34,2,0,3,-1,0,0,0,0
20191110191952,66,4,41,3,0,6,-1,0,0,0,0
20191110191974,78,4,34,10,0,5,-1,0,0,0,0
20191110191978,80,4,39,2,0,3,-1,60,0,0,0
20191110192082,85,2,43,-1,0,2,-1,60,0,0,-1
20191110192082,80,2,43,-1,0,3,-1,60,0,0,-1
20191110192085,85,2,33,-1,0,3,-1,60,0,0,-1
20191110192085,77,2,43,-1,0,4,-1,0,0,0,-1
20191110192093,85,4,47,15,0,3,-1,60,0,0,0
20191110192093,67,2,41,-1,0,4,-1,0,0,0,-1
20191110192112,72,1,43,-1,0,2,-1,0,0,0,-1
20191110192141,79,4,43,10,0,3,-1,0,0,0,0
20191110192211,68,4,38,15,0,4,-1,0,0,0,0
20191110192222,80,1,34,-1,0,2,-1,60,0,0,-1
20191110192222,80,1,33,-1,0,3,-1,60,0,0,-1
20191110192226,80,1,43,-1,0,2,-1,60,0,0,-1
20191110192226,85,4,43,2,0,3,-1,60,0,0,0
20191110192226,79,2,43,-1,0,4,-1,0,0,0,-1
20191110192229,85,4,34,2,0,3,-1,60,0,0,0
20191110192239,80,1,33,-1,0,5,-1,60,0,0,-1
20191110192321,85,4,24,10,1,2,2,0,0,0,0
20191110192346,77,1,38,-1,0,3,-1,0,0,0,-1
20191110192346,80,1,49,-1,0,4,-1,0,0,0,-1
20191110192346,85,4,26,5,1,2,2,0,0,0,0
20191110192347,85,4,33,20,0,3,-1,60,0,0,0
20191110192361,62,4,26,5,1,2,2,0,0,0,0
20191110192373,68,2,33,-1,0,2,-1,0,42,0,-1
20191110192373,69,4,34,2,0,3,-1,0,42,0,42
20191110192382,85,3,33,-1,0,4,-1,60,0,0,-1
20191110192406,85,4,20,2,1,2,2,0,0,0,0
20191110192424,77,4,47,6,0,3,-1,0,0,0,0
20191110192431,80,4,34,3,0,5,-1,60,0,0,0
20191110192432,85,4,33,3,0,3,-1,60,0,0,0
20191110192436,80,4,34,2,0,4,-1,0,0,0,0
20191110192455,85,4,33,5,0,3,-1,60,0,0,0
20191110192456,85,4,33,7,0,3,-1,60,0,0,0
20191110192464,70,2,35,-1,0,2,-1,0,0,0,-1
20191110192477,57,4,33,5,0,4,-1,0,0,0,0
20191110192477,71,2,42,-1,0,5,-1,0,0,0,-1
20191111190057,72,1,24,-1,1,2,2,0,0,0,-1
20191111190563,63,1,43,-1,0,2,-1,0,0,0,-1
20191111190563,55,2,43,-1,0,3,-1,0,0,0,-1
20191111190610,80,4,44,5,0,2,-1,60,0,0,0
20191111190610,80,4,44,2,0,3,-1,60,42,0,42
20191111190612,85,4,33,4,0,3,-1,60,0,0,0
20191111190612,80,1,43,-1,0,4,-1,60,0,0,-1
20191111190612,85,4,43,2,0,5,-1,60,0,0,0
20191111190616,80,4,33,10,0,3,-1,60,0,0,0
20191111190616,62,4,38,5,0,4,-1,0,0,0,0
20191111190661,80,4,40,7,0,4,-1,0,0,0,0
20191111190841,85,4,30,2,1,4,4,0,0,0,0
20191111190862,85,4,49,5,0,2,-1,60,0,0,0
20191111190862,85,4,49,4,0,3,-1,60,0,0,0
20191111190885,80,4,20,4,1,2,2,0,0,0,0
20191111190983,80,4,33,4,0,2,-1,60,0,0,0
20191111190983,85,1,34,-1,0,3,-1,60,0,0,-1
20191111190997,80,1,20,-1,1,2,2,0,0,0,-1
20191111191003,85,4,33,7,0,2,-1,60,0,0,0
20191111191101,85,4,33,2,0,3,-1,60,0,0,0
20191111191140,85,4,33,10,0,3,-1,60,0,0,0
20191111191201,56,1,49,-1,0,3,-1,0,0,0,-1
20191111191250,76,4,56,2,0,2,-1,0,0,0,0
20191111191250,80,4,40,10,0,3,-1,60,0,0,0
20191111191250,80,4,39,7,0,4,-1,60,0,0,0
20191111191263,59,4,56,6,0,2,-1,0,0,0,0
20191111191337,85,2,34,-1,0,3,-1,60,0,0,-1
20191111191337,85,2,33,-1,0,4,-1,60,0,0,-1
20191111191376,80,4,43,3,0,3,-1,60,0,0,0
20191111191380,85,4,33,2,0,3,-1,60,0,0,0
20191111191395,80,4,33,3,0,3,-1,60,0,0,0
20191111191646,80,3,43,-1,0,2,-1,0,0,0,-1
20191111191646,78,2,43,-1,0,3,-1,0,0,0,-1
20191111191646,85,2,43,-1,0,4,-1,0,0,0,-1
20191111192223,72,4,20,5,1,2,2,0,0,0,0
20191111192280,80,4,34,3,0,5,-1,0,0,0,0
20191111192280,79,4,44,5,0,6,-1,0,0,0,0
20191111192314,73,4,56,3,0,3,-1,0,0,0,0
20191111192346,85,4,41,3,0,2,-1,60,0,0,0
20191111192346,85,4,41,7,0,3,-1,60,0,0,0
20191111192431,85,4,43,4,0,3,-1,60,0,0,0
20191111192431,85,4,43,4,0,4,-1,60,0,0,0
20191210190694,71,4,33,2,0,5,-1,0,0,0,0
20191210190694,74,4,34,2,0,6,-1,0,0,0,0
20191210190718,65,1,33,-1,0,2,-1,0,0,0,-1
20191210190718,69,1,34,-1,0,3,-1,0,0,0,-1
20191210190822,64,4,20,20,1,2,2,0,0,0,0
20191210191039,80,4,33,2,0,3,-1,60,0,0,0
20191210191153,80,4,40,20,0,7,-1,60,0,0,0
20191210191153,80,4,39,5,0,8,-1,60,0,0,0
20191210191153,85,4,44,3,0,9,-1,60,0,0,0
20191210191164,65,3,49,-1,0,5,-1,0,0,0,-1
20191210191288,85,4,33,5,0,3,-1,0,0,0,0
20191210191288,85,4,34,5,0,4,-1,0,0,0,0
20191210191297,76,1,43,-1,0,3,-1,0,0,0,-1
20191210191326,63,4,33,2,0,3,-1,0,0,0,0
20191210191326,64,4,34,2,0,4,-1,0,0,0,0
20191210191361,80,4,49,6,0,2,-1,61,0,0,0
20191210191434,69,3,33,-1,0,6,-1,0,0,0,-1
20191210191434,69,3,34,-1,0,7,-1,0,0,0,-1
20191210191586,80,4,47,2,0,6,-1,60,0,0,0
20191210191684,78,3,47,-1,0,5,-1,0,0,0,-1
20191210191693,85,4,33,11,0,2,-1,60,0,0,0
20191210191809,72,4,47,5,0,3,-1,0,0,0,0
20191210191924,80,4,33,12,0,3,-1,60,0,0,0
20191210191960,52,4,33,7,0,3,-1,0,0,0,0
20191210191970,80,4,33,3,0,3,-1,60,0,0,0
20191210192061,73,2,47,-1,0,2,-1,0,0,0,-1
20191210192299,80,4,33,3,0,2,-1,0,0,0,0
20191210192299,85,4,34,3,0,3,-1,60,0,0,0
20191210192452,47,1,24,-1,1,2,2,0,0,0,-1
20191210192463,75,1,33,-1,0,5,-1,0,0,0,-1
20191211190007,85,4,39,6,0,5,-1,60,0,0,0
20191211190064,70,4,40,12,0,5,-1,0,0,0,0
20191211190064,65,1,44,-1,0,6,-1,0,0,0,-1
20191211190140,75,1,44,-1,0,2,-1,0,0,0,-1
20191211190515,85,4,33,5,0,2,-1,60,0,0,0
20191211190518,80,1,39,-1,0,3,-1,60,0,0,-1
20191211190601,80,1,20,-1,1,2,2,0,0,0,-1
20191211190627,85,4,33,30,0,2,-1,0,0,0,0
20191211190627,85,4,34,30,0,3,-1,60,0,0,0
20191211190627,58,3,43,-1,0,4,-1,0,0,0,-1
20191211190627,68,4,43,2,0,5,-1,0,0,0,0
20191211190643,57,4,22,5,1,2,2,0,0,0,0
20191211190655,85,4,33,5,0,3,-1,60,0,0,0
20191211190662,80,1,33,-1,0,2,-1,0,0,0,-1
20191211190667,85,4,48,10,0,4,-1,60,0,0,0
20191211190669,71,4,33,3,0,2,-1,0,42,0,42
20191211190694,80,2,47,-1,0,2,-1,60,0,0,-1
20191211190696,75,1,33,-1,0,2,-1,0,0,0,-1
20191211190696,71,1,49,-1,0,3,-1,0,0,0,-1
20191211190723,85,3,43,-1,0,2,-1,60,0,0,-1
20191211190723,60,3,49,-1,0,3,-1,0,0,0,-1
20191211190740,85,4,47,10,0,2,-1,60,0,0,0
20191211190775,85,1,24,-1,1,3,3,0,0,0,-1
20191211190817,78,4,33,5,0,6,-1,0,0,0,0
20191211190817,79,3,34,-1,0,7,-1,0,0,0,-1
20191211190849,60,1,24,-1,1,3,3,0,0,0,-1
20191211190905,80,3,25,-1,1,2,2,0,0,0,-1
20191211190908,68,4,33,3,0,2,-1,0,0,0,0
20191211190915,74,4,41,3,0,4,-1,0,0,0,42
20191211190975,62,3,24,-1,1,2,2,0,42,0,-1
20191211190989,85,1,43,-1,0,2,-1,0,0,0,-1
20191211190989,80,4,49,3,0,3,-1,60,0,0,0
20191211190989,80,4,49,3,0,4,-1,0,0,0,0
20191211191029,76,3,47,-1,0,7,-1,0,0,0,-1
20191211191035,75,4,33,5,0,5,-1,0,0,0,0
20191211191060,85,4,33,7,0,2,-1,60,0,0,0
20191211191079,67,4,24,6,1,3,3,0,0,0,0
20191211191080,85,4,44,2,0,3,-1,60,0,0,0
20191211191080,78,4,44,2,0,4,-1,0,0,0,0
20191211191081,77,3,33,-1,0,4,-1,0,0,0,-1
20191211191120,85,4,33,3,0,3,-1,60,0,0,0
20191211191133,60,4,41,2,0,5,-1,0,0,0,0
20191211191142,73,4,33,15,0,3,-1,0,0,0,0
20191211191162,85,4,47,2,0,7,-1,60,0,0,0
20191211191162,85,4,48,3,0,8,-1,60,0,0,0
20191211191162,67,4,24,4,1,4,4,0,0,0,0
20191211191172,68,1,33,-1,0,6,-1,0,0,0,-1
20191211191193,85,3,43,-1,0,2,-1,60,0,0,-1
20191211191220,85,1,47,-1,0,5,-1,60,0,0,-1
20191211191315,80,4,33,2,0,3,-1,60,0,0,0
20191211191322,85,4,43,5,0,2,-1,60,0,0,0
20191211191322,85,4,43,20,0,3,-1,60,0,0,0
20191211191322,70,1,43,-1,0,4,-1,0,0,0,-1
20191211191329,85,4,47,7,0,5,-1,60,0,0,0
20191211191352,47,4,33,10,0,3,-1,0,0,0,0
20191211191352,59,1,34,-1,0,4,-1,0,0,0,-1
20191211191364,78,4,33,20,0,4,-1,0,0,0,0
20191211191441,67,4,47,2,0,6,-1,0,0,0,0
20191211191461,76,1,20,-1,1,2,2,0,0,0,-1
20191211191474,85,3,47,-1,0,2,-1,60,0,0,-1
20191211191480,75,4,33,2,0,4,-1,0,0,0,0
20191211191480,76,4,34,2,0,5,-1,0,0,0,0
20191211191482,76,1,41,-1,0,2,-1,0,0,0,-1
20191211191493,85,2,39,-1,0,3,-1,60,0,0,-1
20191211191515,69,4,47,4,0,4,-1,0,0,0,0
20191211191515,69,4,48,4,0,5,-1,0,0,0,0
20191211191519,85,4,33,2,0,3,-1,60,0,0,0
20191211191566,75,4,20,12,1,2,2,0,0,0,0
20191211191575,80,1,39,-1,0,8,-1,60,0,0,-1
20191211191576,85,1,47,-1,0,3,-1,60,0,0,-1
20191211191593,85,4,49,2,0,2,-1,0,0,0,0
20191211191617,80,4,56,4,0,2,-1,61,0,0,0
20191211191617,80,4,56,4,0,3,-1,61,0,0,0
20191211191617,76,4,56,4,0,4,-1,42,0,0,0
20191211191617,72,4,56,4,0,5,-1,42,0,0,0
20191211191617,73,4,56,4,0,6,-1,42,0,0,0
20191211191622,75,4,33,2,0,8,-1,0,0,0,0
20191211191622,76,4,34,2,0,9,-1,0,0,0,0
20191211191639,85,3,26,-1,1,4,4,0,0,0,-1
20191211191640,61,1,34,-1,0,2,-1,0,0,0,-1
20191211191662,60,3,56,-1,0,5,-1,0,0,0,-1
20191211191698,76,4,33,5,0,5,-1,0,0,0,0
20191211191701,75,3,44,-1,0,2,-1,0,0,0,-1
20191211191702,85,1,41,-1,0,2,-1,60,0,0,-1
20191211191704,65,1,39,-1,0,6,-1,0,0,0,-1
20191211191704,63,1,40,-1,0,7,-1,0,0,0,-1
20191211191716,80,4,39,2,0,3,-1,60,0,0,0
20191211191716,80,4,40,2,0,4,-1,60,0,0,0
20191211191721,80,3,44,-1,0,3,-1,60,0,0,-1
20191211191721,64,3,44,-1,0,4,-1,0,0,0,-1
20191211191721,80,1,44,-1,0,5,-1,0,0,0,-1
20191211191731,55,4,56,5,0,3,-1,0,0,0,0
20191211191731,85,1,56,-1,0,4,-1,0,0,0,-1
20191211191731,77,4,38,10,0,5,-1,0,0,0,0
20191211191740,85,4,20,3,1,2,2,0,0,0,0
20191211191758,85,3,56,-1,0,3,-1,60,0,0,-1
20191211191771,80,4,44,2,0,4,-1,60,0,0,0
20191211191771,85,4,44,5,0,5,-1,61,0,0,0
20191211191771,79,4,44,2,0,6,-1,42,0,0,0
20191211191816,85,4,49,10,0,8,-1,60,0,0,0
20191211191854,78,4,48,5,0,4,-1,0,0,0,0
20191211191854,78,4,49,5,0,5,-1,0,0,0,0
20191211191855,80,1,43,-1,0,2,-1,60,0,0,-1
20191211191860,85,4,33,4,0,3,-1,60,0,0,0
20191211191860,85,1,41,-1,0,4,-1,60,0,0,-1
20191211191882,80,2,20,-1,1,2,2,60,0,0,-1
20191211192010,85,4,33,3,0,2,-1,60,0,0,0
20191211192027,80,1,43,-1,0,3,-1,0,0,0,-1
20191211192028,85,4,33,10,0,3,-1,60,0,0,0
20191211192041,77,1,20,-1,1,2,2,0,0,0,-1
20191211192047,80,4,33,6,0,3,-1,60,0,0,0
20191211192050,85,4,47,7,0,4,-1,60,0,0,0
20191211192075,85,4,33,5,0,3,-1,0,0,0,0
20191211192092,78,4,34,5,0,2,-1,0,0,0,0
20191211192126,75,1,49,-1,0,3,-1,0,0,0,-1
20191211192165,85,4,44,5,0,3,-1,0,0,0,0
20191211192193,80,4,47,3,0,3,-1,60,0,0,0
20191211192193,85,4,48,1,0,4,-1,60,0,0,0
20191211192235,80,3,56,-1,0,2,-1,60,0,0,-1
20191211192252,85,4,33,10,0,3,-1,60,0,0,0
20191211192264,62,1,34,-1,0,2,-1,0,0,0,-1
20191211192293,75,4,44,3,0,3,-1,0,0,0,0
20191211192293,80,4,44,3,0,4,-1,0,0,0,0
20191211192293,80,4,44,3,0,5,-1,0,0,0,0
20191211192293,80,4,44,3,0,6,-1,0,0,0,0
20191211192293,80,4,44,3,0,7,-1,0,0,0,0
20191211192306,85,4,33,5,0,6,-1,60,0,0,0
20191211192320,80,4,43,2,0,2,-1,60,0,0,0
20191211192324,85,2,33,-1,0,2,-1,60,0,0,-1
20191211192351,73,4,40,5,0,5,-1,0,0,0,0
20191211192351,75,3,39,-1,0,6,-1,0,0,0,-1
20191211192357,85,4,49,3,0,2,-1,60,0,0,0
20191211192405,79,4,47,2,0,7,-1,0,0,0,0
20191211192405,80,4,56,5,0,8,-1,60,0,0,0
20191211192445,77,1,34,-1,0,2,-1,0,0,0,-1
20191211192461,85,4,39,2,0,3,-1,0,0,0,0
20191211192461,85,4,40,2,0,4,-1,60,0,0,0
20191211192468,70,4,33,5,0,6,-1,0,0,0,0
20191211192473,73,1,44,-1,0,3,-1,0,0,0,-1
20191211192478,32,4,22,27,1,2,2,0,0,0,0
20191211192480,85,4,43,6,0,5,-1,60,0,0,0
20191211192486,68,1,43,-1,0,2,-1,0,0,0,-1
20191211192500,72,1,33,-1,0,3,-1,0,0,0,-1
20191211192500,71,1,34,-1,0,4,-1,0,0,0,-1
20191211192510,68,4,20,10,1,2,2,0,0,0,0
20191211192521,65,4,40,4,0,6,-1,0,0,0,0
20191211192525,55,4,33,5,0,5,-1,0,0,0,0
20191211192541,85,3,47,-1,0,4,-1,60,0,0,-1
20191211192549,85,2,39,-1,0,3,-1,60,0,0,-1
20191212190114,85,4,33,2,0,2,-1,60,0,0,0
20191212190114,85,4,42,3,0,3,-1,60,0,0,0
20191212190131,80,3,33,-1,0,3,-1,60,0,0,-1
20191212190131,85,3,34,-1,0,4,-1,60,0,0,-1
20191212190327,62,4,24,4,1,2,2,0,0,0,0
20191212190365,68,4,44,3,0,5,-1,0,0,0,0
20191212190365,78,4,44,2,0,6,-1,0,0,0,0
20191212190543,85,4,43,3,0,9,-1,61,0,0,0
20191212190543,73,4,43,3,0,10,-1,42,0,0,0
20191212190543,74,4,43,3,0,11,-1,42,0,0,0
20191212190543,75,4,43,3,0,12,-1,42,0,0,0
20191212190543,68,4,43,3,0,13,-1,42,0,0,0
20191212190589,85,2,44,-1,0,3,-1,0,0,0,-1
20191212190757,80,4,33,50,0,2,-1,60,0,0,0
20191212190873,85,4,43,2,0,4,-1,60,0,0,0
20191212190873,80,4,24,5,1,3,3,0,0,0,0
20191212190970,80,4,33,10,0,3,-1,0,0,0,0
20191212191078,85,4,34,3,0,2,-1,0,0,0,0
20191212191175,63,3,34,-1,0,8,-1,0,0,0,-1
20191212191195,80,4,38,3,0,3,-1,60,0,0,0
20191212191201,85,1,33,-1,0,2,-1,60,0,0,-1
20191212191203,85,4,24,15,1,2,2,0,0,0,0
20191212191283,85,2,33,-1,0,2,-1,60,0,0,-1
20191212191294,85,2,47,-1,0,4,-1,60,0,0,-1
20191212191294,85,2,48,-1,0,5,-1,60,0,0,-1
20191212191358,76,4,38,11,0,2,-1,0,0,0,0
20191212191445,56,4,38,18,0,3,-1,0,0,0,0
20191212191450,80,4,56,10,0,2,-1,0,0,0,0
20191212191450,75,1,56,-1,0,3,-1,0,0,0,-1
20191212191450,85,4,56,10,0,4,-1,60,0,0,0
20191212191450,70,4,56,5,0,5,-1,0,0,0,0
20191212191462,85,1,56,-1,0,2,-1,60,0,0,-1
20191212191523,85,4,33,15,0,3,-1,60,0,0,0
20191212191523,66,2,43,-1,0,4,-1,0,0,0,-1
20191212191523,85,2,43,-1,0,5,-1,60,0,0,-1
20191212191523,85,4,43,3,0,6,-1,60,0,0,0
20191212191563,65,1,20,-1,1,2,2,0,0,0,-1
20191212191696,85,4,24,4,1,2,2,60,0,0,0
20191212191881,80,4,38,10,0,3,-1,60,0,0,0
20191212191881,85,4,49,10,0,4,-1,60,0,0,0
20191212191932,78,1,43,-1,0,3,-1,0,0,0,-1
20191212191932,78,1,43,-1,0,4,-1,0,0,0,-1
20191212191932,78,1,43,-1,0,5,-1,0,0,0,-1
20191212191932,78,1,43,-1,0,6,-1,0,0,0,-1
20191212191972,53,2,34,-1,0,2,-1,0,0,0,-1
20191212192007,75,4,38,10,0,3,-1,0,0,0,0
20191212192007,64,4,20,2,1,2,2,0,0,0,0
20191212192055,74,4,33,5,0,6,-1,0,0,0,0
20191212192055,71,3,39,-1,0,7,-1,0,0,0,-1
20191212192055,74,4,40,5,0,8,-1,0,0,0,0
20191212192214,76,4,39,2,0,5,-1,0,0,0,0
20191212192256,74,4,49,2,0,2,-1,0,0,0,0
